  2.000000000000000E-003  2.000000000000000E-003 -0.214309878122873     
  2.000000000000000E-003  0.298270416666667      -0.223370891310868     
  2.000000000000000E-003  0.594540833333333      -0.228922939976139     
  2.000000000000000E-003  0.890811250000000      -0.234244529001737     
  2.000000000000000E-003   1.18708166666667      -0.240309205695991     
  2.000000000000000E-003   1.48335208333333      -0.247218330919825     
  2.000000000000000E-003   1.77962250000000      -0.254930096995735     
  2.000000000000000E-003   2.07589291666667      -0.263143893479562     
  2.000000000000000E-003   2.37216333333333      -0.271318952261988     
  2.000000000000000E-003   2.66843375000000      -0.278712617701147     
  2.000000000000000E-003   2.96470416666667      -0.284764953132347     
  2.000000000000000E-003   3.26097458333333      -0.288789937161800     
  2.000000000000000E-003   3.55724500000000      -0.290202190565767     
  2.000000000000000E-003   3.85351541666667      -0.288773136290012     
  2.000000000000000E-003   4.14978583333333      -0.284732767768813     
  2.000000000000000E-003   4.44605625000000      -0.278667452120813     
  2.000000000000000E-003   4.74232666666667      -0.271263696311142     
  2.000000000000000E-003   5.03859708333333      -0.263082364685939     
  2.000000000000000E-003   5.33486750000000      -0.254864477673295     
  2.000000000000000E-003   5.63113791666667      -0.247149384575546     
  2.000000000000000E-003   5.92740833333333      -0.240236661125632     
  2.000000000000000E-003   6.22367875000000      -0.234166059427276     
  2.000000000000000E-003   6.51994916666667      -0.228818741714675     
  2.000000000000000E-003   6.81621958333333      -0.223189487872597     
  2.000000000000000E-003   7.11249000000000      -0.214100017062353     
  0.298270416666667       2.000000000000000E-003 -0.223371298571318     
  0.298270416666667       0.298270416666667      -0.234606231211865     
  0.298270416666667       0.594540833333333      -0.241134649402346     
  0.298270416666667       0.890811250000000      -0.246804308727878     
  0.298270416666667        1.18708166666667      -0.253934945303793     
  0.298270416666667        1.48335208333333      -0.262603819490785     
  0.298270416666667        1.77962250000000      -0.272489569196742     
  0.298270416666667        2.07589291666667      -0.283090309204857     
  0.298270416666667        2.37216333333333      -0.293585334555283     
  0.298270416666667        2.66843375000000      -0.303070064759070     
  0.298270416666667        2.96470416666667      -0.310830038938628     
  0.298270416666667        3.26097458333333      -0.315985062626391     
  0.298270416666667        3.55724500000000      -0.317793136397408     
  0.298270416666667        3.85351541666667      -0.315965400226668     
  0.298270416666667        4.14978583333333      -0.310792168861666     
  0.298270416666667        4.44605625000000      -0.303016289038793     
  0.298270416666667        4.74232666666667      -0.293517928754344     
  0.298270416666667        5.03859708333333      -0.283011215312841     
  0.298270416666667        5.33486750000000      -0.272397539805736     
  0.298270416666667        5.63113791666667      -0.262492667736740     
  0.298270416666667        5.92740833333333      -0.253792185784538     
  0.298270416666667        6.22367875000000      -0.246607509394607     
  0.298270416666667        6.51994916666667      -0.240848465832355     
  0.298270416666667        6.81621958333333      -0.234246683414448     
  0.298270416666667        7.11249000000000      -0.223190157686568     
  0.594540833333333       2.000000000000000E-003 -0.228923543002521     
  0.594540833333333       0.298270416666667      -0.241134956389036     
  0.594540833333333       0.594540833333333      -0.250598809519890     
  0.594540833333333       0.890811250000000      -0.258766432119713     
  0.594540833333333        1.18708166666667      -0.268285956668483     
  0.594540833333333        1.48335208333333      -0.279762728606223     
  0.594540833333333        1.77962250000000      -0.292857261338173     
  0.594540833333333        2.07589291666667      -0.306890671012071     
  0.594540833333333        2.37216333333333      -0.320788102187088     
  0.594540833333333        2.66843375000000      -0.333412475260178     
  0.594540833333333        2.96470416666667      -0.343776610878681     
  0.594540833333333        3.26097458333333      -0.350664637038798     
  0.594540833333333        3.55724500000000      -0.353081430734263     
  0.594540833333333        3.85351541666667      -0.350642415773183     
  0.594540833333333        4.14978583333333      -0.343733770949375     
  0.594540833333333        4.44605625000000      -0.333351350792567     
  0.594540833333333        4.74232666666667      -0.320710732063279     
  0.594540833333333        5.03859708333333      -0.306797951254140     
  0.594540833333333        5.33486750000000      -0.292745766023138     
  0.594540833333333        5.63113791666667      -0.279622659073484     
  0.594540833333333        5.92740833333333      -0.268101041530025     
  0.594540833333333        6.22367875000000      -0.258517070023305     
  0.594540833333333        6.51994916666667      -0.250285781321020     
  0.594540833333333        6.81621958333333      -0.240849134916635     
  0.594540833333333        7.11249000000000      -0.228819813360439     
  0.890811250000000       2.000000000000000E-003 -0.234245081025327     
  0.890811250000000       0.298270416666667      -0.246804733676929     
  0.890811250000000       0.594540833333333      -0.258766639475634     
  0.890811250000000       0.890811250000000      -0.270597875107823     
  0.890811250000000        1.18708166666667      -0.283928422184754     
  0.890811250000000        1.48335208333333      -0.299497610417712     
  0.890811250000000        1.77962250000000      -0.317157885519825     
  0.890811250000000        2.07589291666667      -0.336120571016438     
  0.890811250000000        2.37216333333333      -0.354915107259167     
  0.890811250000000        2.66843375000000      -0.372277389973508     
  0.890811250000000        2.96470416666667      -0.386639868131812     
  0.890811250000000        3.26097458333333      -0.396215054786659     
  0.890811250000000        3.55724500000000      -0.399580099876797     
  0.890811250000000        3.85351541666667      -0.396190386937279     
  0.890811250000000        4.14978583333333      -0.386592469542344     
  0.890811250000000        4.44605625000000      -0.372210159390636     
  0.890811250000000        4.74232666666667      -0.354830502583083     
  0.890811250000000        5.03859708333333      -0.336019442116050     
  0.890811250000000        5.33486750000000      -0.317037834801879     
  0.890811250000000        5.63113791666667      -0.299349911257172     
  0.890811250000000        5.92740833333333      -0.283741833071277     
  0.890811250000000        6.22367875000000      -0.270367897575744     
  0.890811250000000        6.51994916666667      -0.258517454669692     
  0.890811250000000        6.81621958333333      -0.246608356176346     
  0.890811250000000        7.11249000000000      -0.234167096432461     
   1.18708166666667       2.000000000000000E-003 -0.240309669977478     
   1.18708166666667       0.298270416666667      -0.253935387260943     
   1.18708166666667       0.594540833333333      -0.268286274324466     
   1.18708166666667       0.890811250000000      -0.283928575548555     
   1.18708166666667        1.18708166666667      -0.301898590910936     
   1.18708166666667        1.48335208333333      -0.322832211843614     
   1.18708166666667        1.77962250000000      -0.346650233075025     
   1.18708166666667        2.07589291666667      -0.372365957118901     
   1.18708166666667        2.37216333333333      -0.398324945905629     
   1.18708166666667        2.66843375000000      -0.422806101808827     
   1.18708166666667        2.96470416666667      -0.443312026253920     
   1.18708166666667        3.26097458333333      -0.457090604311405     
   1.18708166666667        3.55724500000000      -0.461953948793821     
   1.18708166666667        3.85351541666667      -0.457062639037934     
   1.18708166666667        4.14978583333333      -0.443259052287055     
   1.18708166666667        4.44605625000000      -0.422732511543413     
   1.18708166666667        4.74232666666667      -0.398234532351082     
   1.18708166666667        5.03859708333333      -0.372260677668139     
   1.18708166666667        5.33486750000000      -0.346529764459758     
   1.18708166666667        5.63113791666667      -0.322691853503165     
   1.18708166666667        5.92740833333333      -0.301733267216664     
   1.18708166666667        6.22367875000000      -0.283742080368996     
   1.18708166666667        6.51994916666667      -0.268101603409067     
   1.18708166666667        6.81621958333333      -0.253793054098016     
   1.18708166666667        7.11249000000000      -0.240237650472299     
   1.48335208333333       2.000000000000000E-003 -0.247218686616282     
   1.48335208333333       0.298270416666667      -0.262604200172940     
   1.48335208333333       0.594540833333333      -0.279763055454604     
   1.48335208333333       0.890811250000000      -0.299497834361448     
   1.48335208333333        1.18708166666667      -0.322832316905500     
   1.48335208333333        1.48335208333333      -0.350458559266305     
   1.48335208333333        1.77962250000000      -0.382267895839640     
   1.48335208333333        2.07589291666667      -0.417103012398901     
   1.48335208333333        2.37216333333333      -0.453425175706628     
   1.48335208333333        2.66843375000000      -0.488543342800824     
   1.48335208333333        2.96470416666667      -0.518575354114584     
   1.48335208333333        3.26097458333333      -0.539167004287790     
   1.48335208333333        3.55724500000000      -0.546499444933119     
   1.48335208333333        3.85351541666667      -0.539132866555327     
   1.48335208333333        4.14978583333333      -0.518512475236508     
   1.48335208333333        4.44605625000000      -0.488459873377591     
   1.48335208333333        4.74232666666667      -0.453327659347021     
   1.48335208333333        5.03859708333333      -0.416994878887913     
   1.48335208333333        5.33486750000000      -0.382149900303952     
   1.48335208333333        5.63113791666667      -0.350330216200694     
   1.48335208333333        5.92740833333333      -0.322692032092679     
   1.48335208333333        6.22367875000000      -0.299350268547818     
   1.48335208333333        6.51994916666667      -0.279623209067770     
   1.48335208333333        6.81621958333333      -0.262493439964675     
   1.48335208333333        7.11249000000000      -0.247150233984770     
   1.77962250000000       2.000000000000000E-003 -0.254930287291269     
   1.77962250000000       0.298270416666667      -0.272489802409492     
   1.77962250000000       0.594540833333333      -0.292857496215316     
   1.77962250000000       0.890811250000000      -0.317158090010581     
   1.77962250000000        1.18708166666667      -0.346650387234270     
   1.77962250000000        1.48335208333333      -0.382267987923531     
   1.77962250000000        1.77962250000000      -0.424002054948986     
   1.77962250000000        2.07589291666667      -0.471316268373068     
   1.77962250000000        2.37216333333333      -0.522377443012976     
   1.77962250000000        2.66843375000000      -0.573628532548163     
   1.77962250000000        2.96470416666667      -0.619207524443310     
   1.77962250000000        3.26097458333333      -0.651450970857071     
   1.77962250000000        3.55724500000000      -0.663186998898089     
   1.77962250000000        3.85351541666667      -0.651405451382300     
   1.77962250000000        4.14978583333333      -0.619126923600846     
   1.77962250000000        4.44605625000000      -0.573527255332817     
   1.77962250000000        4.74232666666667      -0.522267397361325     
   1.77962250000000        5.03859708333333      -0.471203600149709     
   1.77962250000000        5.33486750000000      -0.423887126697577     
   1.77962250000000        5.63113791666667      -0.382150043382482     
   1.77962250000000        5.92740833333333      -0.346530007159571     
   1.77962250000000        6.22367875000000      -0.317038157570782     
   1.77962250000000        6.51994916666667      -0.292746180905758     
   1.77962250000000        6.81621958333333      -0.272398088293895     
   1.77962250000000        7.11249000000000      -0.254865088569638     
   2.07589291666667       2.000000000000000E-003 -0.263143888988359     
   2.07589291666667       0.298270416666667      -0.283090350107239     
   2.07589291666667       0.594540833333333      -0.306890767598911     
   2.07589291666667       0.890811250000000      -0.336120728721884     
   2.07589291666667        1.18708166666667      -0.372366161240255     
   2.07589291666667        1.48335208333333      -0.417103220777794     
   2.07589291666667        1.77962250000000      -0.471316413343927     
   2.07589291666667        2.07589291666667      -0.535082797325656     
   2.07589291666667        2.37216333333333      -0.607009114554362     
   2.07589291666667        2.66843375000000      -0.682975878134671     
   2.07589291666667        2.96470416666667      -0.754329628183358     
   2.07589291666667        3.26097458333333      -0.807360029757706     
   2.07589291666667        3.55724500000000      -0.827244630650327     
   2.07589291666667        3.85351541666667      -0.807294496579493     
   2.07589291666667        4.14978583333333      -0.754219409553702     
   2.07589291666667        4.44605625000000      -0.682847109704549     
   2.07589291666667        4.74232666666667      -0.606880419120188     
   2.07589291666667        5.03859708333333      -0.534962060534701     
   2.07589291666667        5.33486750000000      -0.471203923420852     
   2.07589291666667        5.63113791666667      -0.416995287777174     
   2.07589291666667        5.92740833333333      -0.372261067613006     
   2.07589291666667        6.22367875000000      -0.336019774199909     
   2.07589291666667        6.51994916666667      -0.306798238473927     
   2.07589291666667        6.81621958333333      -0.283011524795367     
   2.07589291666667        7.11249000000000      -0.263082687457761     
   2.37216333333333       2.000000000000000E-003 -0.271318856156824     
   2.37216333333333       0.298270416666667      -0.293585277952534     
   2.37216333333333       0.594540833333333      -0.320788144064104     
   2.37216333333333       0.890811250000000      -0.354915283319668     
   2.37216333333333        1.18708166666667      -0.398325247073368     
   2.37216333333333        1.48335208333333      -0.453425545609249     
   2.37216333333333        1.77962250000000      -0.522377792252117     
   2.37216333333333        2.07589291666667      -0.607009310746523     
   2.37216333333333        2.37216333333333      -0.707722511911285     
   2.37216333333333        2.66843375000000      -0.821141975930056     
   2.37216333333333        2.96470416666667      -0.935557813694038     
   2.37216333333333        3.26097458333333       -1.02643063367082     
   2.37216333333333        3.55724500000000       -1.06194409867197     
   2.37216333333333        3.85351541666667       -1.02633020991182     
   2.37216333333333        4.14978583333333      -0.935400783665248     
   2.37216333333333        4.44605625000000      -0.820975793596038     
   2.37216333333333        4.74232666666667      -0.707572343064639     
   2.37216333333333        5.03859708333333      -0.606881051718776     
   2.37216333333333        5.33486750000000      -0.522268278581647     
   2.37216333333333        5.63113791666667      -0.453328451487668     
   2.37216333333333        5.92740833333333      -0.398235209209091     
   2.37216333333333        6.22367875000000      -0.354830923684516     
   2.37216333333333        6.51994916666667      -0.320711047890896     
   2.37216333333333        6.81621958333333      -0.293518168237547     
   2.37216333333333        7.11249000000000      -0.271263929269520     
   2.66843375000000       2.000000000000000E-003 -0.278712523382595     
   2.66843375000000       0.298270416666667      -0.303070008498023     
   2.66843375000000       0.594540833333333      -0.333412544639614     
   2.66843375000000       0.890811250000000      -0.372277643801555     
   2.66843375000000        1.18708166666667      -0.422806540763261     
   2.66843375000000        1.48335208333333      -0.488543912294692     
   2.66843375000000        1.77962250000000      -0.573629094024669     
   2.66843375000000        2.07589291666667      -0.682976249674845     
   2.66843375000000        2.37216333333333      -0.821142117928590     
   2.66843375000000        2.66843375000000      -0.988449705547374     
   2.66843375000000        2.96470416666667       -1.17086095970652     
   2.66843375000000        3.26097458333333       -1.32647221806970     
   2.66843375000000        3.55724500000000       -1.39048508922123     
   2.66843375000000        3.85351541666667       -1.32631395079891     
   2.66843375000000        4.14978583333333       -1.17063938603606     
   2.66843375000000        4.44605625000000      -0.988243719040407     
   2.66843375000000        4.74232666666667      -0.820976892031864     
   2.66843375000000        5.03859708333333      -0.682848670461620     
   2.66843375000000        5.33486750000000      -0.573528898400668     
   2.66843375000000        5.63113791666667      -0.488461263241531     
   2.66843375000000        5.92740833333333      -0.422733535623411     
   2.66843375000000        6.22367875000000      -0.372210837983482     
   2.66843375000000        6.51994916666667      -0.333351735554732     
   2.66843375000000        6.81621958333333      -0.303016499120602     
   2.66843375000000        7.11249000000000      -0.278667701492335     
   2.96470416666667       2.000000000000000E-003 -0.284764902251225     
   2.96470416666667       0.298270416666667      -0.310830028255635     
   2.96470416666667       0.594540833333333      -0.343776744019312     
   2.96470416666667       0.890811250000000      -0.386640219030447     
   2.96470416666667        1.18708166666667      -0.443312607133138     
   2.96470416666667        1.48335208333333      -0.518576125397122     
   2.96470416666667        1.77962250000000      -0.619208256624134     
   2.96470416666667        2.07589291666667      -0.754330124124066     
   2.96470416666667        2.37216333333333      -0.935558012614162     
   2.96470416666667        2.66843375000000       -1.17086090905466     
   2.96470416666667        2.96470416666667       -1.44253538901971     
   2.96470416666667        3.26097458333333       -1.68029328900798     
   2.96470416666667        3.55724500000000       -1.77903380142139     
   2.96470416666667        3.85351541666667       -1.68006110083265     
   2.96470416666667        4.14978583333333       -1.44225835797747     
   2.96470416666667        4.44605625000000       -1.17064151280416     
   2.96470416666667        4.74232666666667      -0.935403553019060     
   2.96470416666667        5.03859708333333      -0.754222241441157     
   2.96470416666667        5.33486750000000      -0.619129422656928     
   2.96470416666667        5.63113791666667      -0.518514475925863     
   2.96470416666667        5.92740833333333      -0.443260475799910     
   2.96470416666667        6.22367875000000      -0.386593375618498     
   2.96470416666667        6.51994916666667      -0.343734280719186     
   2.96470416666667        6.81621958333333      -0.310792500359389     
   2.96470416666667        7.11249000000000      -0.284733050464650     
   3.26097458333333       2.000000000000000E-003 -0.288789918808983     
   3.26097458333333       0.298270416666667      -0.315985086277742     
   3.26097458333333       0.594540833333333      -0.350664814177563     
   3.26097458333333       0.890811250000000      -0.396215468421390     
   3.26097458333333        1.18708166666667      -0.457091277875715     
   3.26097458333333        1.48335208333333      -0.539167895696644     
   3.26097458333333        1.77962250000000      -0.651451805695324     
   3.26097458333333        2.07589291666667      -0.807360608839529     
   3.26097458333333        2.37216333333333       -1.02643086459900     
   3.26097458333333        2.66843375000000       -1.32647199604866     
   3.26097458333333        2.96470416666667       -1.68029272715822     
   3.26097458333333        3.26097458333333       -1.95515433814600     
   3.26097458333333        3.55724500000000       -2.05694904416168     
   3.26097458333333        3.85351541666667       -1.95492417784385     
   3.26097458333333        4.14978583333333       -1.68006439921296     
   3.26097458333333        4.44605625000000       -1.32631939410005     
   3.26097458333333        4.74232666666667       -1.02633525841954     
   3.26097458333333        5.03859708333333      -0.807298638524021     
   3.26097458333333        5.33486750000000      -0.651408792457894     
   3.26097458333333        5.63113791666667      -0.539135453862689     
   3.26097458333333        5.92740833333333      -0.457064422791298     
   3.26097458333333        6.22367875000000      -0.396191487201178     
   3.26097458333333        6.51994916666667      -0.350643089369231     
   3.26097458333333        6.81621958333333      -0.315965774911672     
   3.26097458333333        7.11249000000000      -0.288773500910292     
   3.55724500000000       2.000000000000000E-003 -0.290202153364519     
   3.55724500000000       0.298270416666667      -0.317793139564008     
   3.55724500000000       0.594540833333333      -0.353081588097455     
   3.55724500000000       0.890811250000000      -0.399580498637107     
   3.55724500000000        1.18708166666667      -0.461954619176163     
   3.55724500000000        1.48335208333333      -0.546500346408403     
   3.55724500000000        1.77962250000000      -0.663187840811378     
   3.55724500000000        2.07589291666667      -0.827245246638835     
   3.55724500000000        2.37216333333333       -1.06194441438146     
   3.55724500000000        2.66843375000000       -1.39048495144579     
   3.55724500000000        2.96470416666667       -1.77903312020783     
   3.55724500000000        3.26097458333333       -2.05694851976588     
   3.55724500000000        3.55724500000000       -2.20877959325313     
   3.55724500000000        3.85351541666667       -2.05695225966710     
   3.55724500000000        4.14978583333333       -1.77904117420278     
   3.55724500000000        4.44605625000000       -1.39049374698698     
   3.55724500000000        4.74232666666667       -1.06195120626798     
   3.55724500000000        5.03859708333333      -0.827249970970459     
   3.55724500000000        5.33486750000000      -0.663190961224648     
   3.55724500000000        5.63113791666667      -0.546502521190942     
   3.55724500000000        5.92740833333333      -0.461955986082346     
   3.55724500000000        6.22367875000000      -0.399581330266013     
   3.55724500000000        6.51994916666667      -0.353082205925641     
   3.55724500000000        6.81621958333333      -0.317793561013068     
   3.55724500000000        7.11249000000000      -0.290202569456079     
   3.85351541666667       2.000000000000000E-003 -0.288773020860665     
   3.85351541666667       0.298270416666667      -0.315965318973638     
   3.85351541666667       0.594540833333333      -0.350642480120483     
   3.85351541666667       0.890811250000000      -0.396190683829238     
   3.85351541666667        1.18708166666667      -0.457063198636821     
   3.85351541666667        1.48335208333333      -0.539133649905547     
   3.85351541666667        1.77962250000000      -0.651406199071289     
   3.85351541666667        2.07589291666667      -0.807295064228836     
   3.85351541666667        2.37216333333333       -1.02633058315339     
   3.85351541666667        2.66843375000000       -1.32631408761136     
   3.85351541666667        2.96470416666667       -1.68006096257099     
   3.85351541666667        3.26097458333333       -1.95492388781294     
   3.85351541666667        3.55724500000000       -2.05695205190901     
   3.85351541666667        3.85351541666667       -1.95516105732537     
   3.85351541666667        4.14978583333333       -1.68030517418322     
   3.85351541666667        4.44605625000000       -1.32648351076936     
   3.85351541666667        4.74232666666667       -1.02643882096631     
   3.85351541666667        5.03859708333333      -0.807365777688385     
   3.85351541666667        5.33486750000000      -0.651455174651674     
   3.85351541666667        5.63113791666667      -0.539170093011261     
   3.85351541666667        5.92740833333333      -0.457092672279716     
   3.85351541666667        6.22367875000000      -0.396216310918796     
   3.85351541666667        6.51994916666667      -0.350665315584578     
   3.85351541666667        6.81621958333333      -0.315985396554003     
   3.85351541666667        7.11249000000000      -0.288790244142514     
   4.14978583333333       2.000000000000000E-003 -0.284732541476459     
   4.14978583333333       0.298270416666667      -0.310791968894822     
   4.14978583333333       0.594540833333333      -0.343733700711405     
   4.14978583333333       0.890811250000000      -0.386592610303148     
   4.14978583333333        1.18708166666667      -0.443259429231408     
   4.14978583333333        1.48335208333333      -0.518513054425709     
   4.14978583333333        1.77962250000000      -0.619127489868991     
   4.14978583333333        2.07589291666667      -0.754219833573112     
   4.14978583333333        2.37216333333333      -0.935401077407203     
   4.14978583333333        2.66843375000000       -1.17063957052289     
   4.14978583333333        2.96470416666667       -1.44225839552213     
   4.14978583333333        3.26097458333333       -1.68006423843795     
   4.14978583333333        3.55724500000000       -1.77904096240076     
   4.14978583333333        3.85351541666667       -1.68030514504512     
   4.14978583333333        4.14978583333333       -1.44254831269137     
   4.14978583333333        4.44605625000000       -1.17087180748379     
   4.14978583333333        4.74232666666667      -0.935565512275893     
   4.14978583333333        5.03859708333333      -0.754335199047660     
   4.14978583333333        5.33486750000000      -0.619211572908533     
   4.14978583333333        5.63113791666667      -0.518578208935138     
   4.14978583333333        5.92740833333333      -0.443313933337710     
   4.14978583333333        6.22367875000000      -0.386641014945865     
   4.14978583333333        6.51994916666667      -0.343777156248989     
   4.14978583333333        6.81621958333333      -0.310830280647719     
   4.14978583333333        7.11249000000000      -0.284765094531744     
   4.44605625000000       2.000000000000000E-003 -0.278667131676953     
   4.44605625000000       0.298270416666667      -0.303015990717699     
   4.44605625000000       0.594540833333333      -0.333351162407082     
   4.44605625000000       0.890811250000000      -0.372210149485412     
   4.44605625000000        1.18708166666667      -0.422732698825777     
   4.44605625000000        1.48335208333333      -0.488460215485562     
   4.44605625000000        1.77962250000000      -0.573527614874877     
   4.44605625000000        2.07589291666667      -0.682847360152324     
   4.44605625000000        2.37216333333333      -0.820975951562197     
   4.44605625000000        2.66843375000000      -0.988243832852653     
   4.44605625000000        2.96470416666667       -1.17064159145018     
   4.44605625000000        3.26097458333333       -1.32631944474106     
   4.44605625000000        3.55724500000000       -1.39049385855076     
   4.44605625000000        3.85351541666667       -1.32648373205975     
   4.44605625000000        4.14978583333333       -1.17087199467494     
   4.44605625000000        4.44605625000000      -0.988458430598587     
   4.44605625000000        4.74232666666667      -0.821148492191130     
   4.44605625000000        5.03859708333333      -0.682980636531874     
   4.44605625000000        5.33486750000000      -0.573632067198804     
   4.44605625000000        5.63113791666667      -0.488545827017904     
   4.44605625000000        5.92740833333333      -0.422807694466469     
   4.44605625000000        6.22367875000000      -0.372278286177945     
   4.44605625000000        6.51994916666667      -0.333412832999260     
   4.44605625000000        6.81621958333333      -0.303070142840614     
   4.44605625000000        7.11249000000000      -0.278712674551072     
   4.74232666666667       2.000000000000000E-003 -0.271263342615451     
   4.74232666666667       0.298270416666667      -0.293517603848153     
   4.74232666666667       0.594540833333333      -0.320710497731418     
   4.74232666666667       0.890811250000000      -0.354830404948585     
   4.74232666666667        1.18708166666667      -0.398234582378497     
   4.74232666666667        1.48335208333333      -0.453327821021625     
   4.74232666666667        1.77962250000000      -0.522267582790797     
   4.74232666666667        2.07589291666667      -0.606880532888750     
   4.74232666666667        2.37216333333333      -0.707572408346514     
   4.74232666666667        2.66843375000000      -0.820976985027352     
   4.74232666666667        2.96470416666667      -0.935403735261339     
   4.74232666666667        3.26097458333333       -1.02633556364569     
   4.74232666666667        3.55724500000000       -1.06195163611289     
   4.74232666666667        3.85351541666667       -1.02643930041320     
   4.74232666666667        4.14978583333333      -0.935565893204390     
   4.74232666666667        4.44605625000000      -0.821148672285264     
   4.74232666666667        4.74232666666667      -0.707727545583382     
   4.74232666666667        5.03859708333333      -0.607012906136234     
   4.74232666666667        5.33486750000000      -0.522380252074869     
   4.74232666666667        5.63113791666667      -0.453427179215579     
   4.74232666666667        5.92740833333333      -0.398326205146392     
   4.74232666666667        6.22367875000000      -0.354915745341261     
   4.74232666666667        6.51994916666667      -0.320788341286139     
   4.74232666666667        6.81621958333333      -0.293585351694744     
   4.74232666666667        7.11249000000000      -0.271318867119590     
   5.03859708333333       2.000000000000000E-003 -0.263082068477084     
   5.03859708333333       0.298270416666667      -0.283010969164260     
   5.03859708333333       0.594540833333333      -0.306797774458907     
   5.03859708333333       0.890811250000000      -0.336019351259276     
   5.03859708333333        1.18708166666667      -0.372260672772936     
   5.03859708333333        1.48335208333333      -0.416994940298974     
   5.03859708333333        1.77962250000000      -0.471203680046140     
   5.03859708333333        2.07589291666667      -0.534962096725908     
   5.03859708333333        2.37216333333333      -0.606881066530432     
   5.03859708333333        2.66843375000000      -0.682848751551847     
   5.03859708333333        2.96470416666667      -0.754222466214419     
   5.03859708333333        3.26097458333333      -0.807299031217421     
   5.03859708333333        3.55724500000000      -0.827250484794141     
   5.03859708333333        3.85351541666667      -0.807366302990652     
   5.03859708333333        4.14978583333333      -0.754335611213804     
   5.03859708333333        4.44605625000000      -0.682980874884162     
   5.03859708333333        4.74232666666667      -0.607012995620704     
   5.03859708333333        5.03859708333333      -0.535085695822247     
   5.03859708333333        5.33486750000000      -0.471318397237886     
   5.03859708333333        5.63113791666667      -0.417104504071795     
   5.03859708333333        5.92740833333333      -0.372366879691367     
   5.03859708333333        6.22367875000000      -0.336121012993541     
   5.03859708333333        6.51994916666667      -0.306890818931994     
   5.03859708333333        6.81621958333333      -0.283090294133228     
   5.03859708333333        7.11249000000000      -0.263143811357066     
   5.33486750000000       2.000000000000000E-003 -0.254864403104939     
   5.33486750000000       0.298270416666667      -0.272397520668216     
   5.33486750000000       0.594540833333333      -0.292745770315665     
   5.33486750000000       0.890811250000000      -0.317037844639087     
   5.33486750000000        1.18708166666667      -0.346529782208749     
   5.33486750000000        1.48335208333333      -0.382149931460196     
   5.33486750000000        1.77962250000000      -0.423887165814147     
   5.33486750000000        2.07589291666667      -0.471203948999550     
   5.33486750000000        2.37216333333333      -0.522268279608493     
   5.33486750000000        2.66843375000000      -0.573528939766442     
   5.33486750000000        2.96470416666667      -0.619129572960352     
   5.33486750000000        3.26097458333333      -0.651409071819143     
   5.33486750000000        3.55724500000000      -0.663191326896278     
   5.33486750000000        3.85351541666667      -0.651455546175604     
   5.33486750000000        4.14978583333333      -0.619211874647866     
   5.33486750000000        4.44605625000000      -0.573632273428456     
   5.33486750000000        4.74232666666667      -0.522380382786059     
   5.33486750000000        5.03859708333333      -0.471318471428148     
   5.33486750000000        5.33486750000000      -0.424003561460258     
   5.33486750000000        5.63113791666667      -0.382268907603767     
   5.33486750000000        5.92740833333333      -0.346650813152716     
   5.33486750000000        6.22367875000000      -0.317158211598309     
   5.33486750000000        6.51994916666667      -0.292857382850179     
   5.33486750000000        6.81621958333333      -0.272489642436737     
   5.33486750000000        7.11249000000000      -0.254930193440274     
   5.63113791666667       2.000000000000000E-003 -0.247149567093148     
   5.63113791666667       0.298270416666667      -0.262492900357447     
   5.63113791666667       0.594540833333333      -0.279622855825890     
   5.63113791666667       0.890811250000000      -0.299350028815114     
   5.63113791666667        1.18708166666667      -0.322691907807423     
   5.63113791666667        1.48335208333333      -0.350330251645539     
   5.63113791666667        1.77962250000000      -0.382150081963645     
   5.63113791666667        2.07589291666667      -0.416995335150258     
   5.63113791666667        2.37216333333333      -0.453328499837682     
   5.63113791666667        2.66843375000000      -0.488461313041977     
   5.63113791666667        2.96470416666667      -0.518514548483118     
   5.63113791666667        3.26097458333333      -0.539135580603760     
   5.63113791666667        3.55724500000000      -0.546502697225933     
   5.63113791666667        3.85351541666667      -0.539170298500332     
   5.63113791666667        4.14978583333333      -0.518578424028507     
   5.63113791666667        4.44605625000000      -0.488546051373835     
   5.63113791666667        4.74232666666667      -0.453427391268957     
   5.63113791666667        5.03859708333333      -0.417104667515576     
   5.63113791666667        5.33486750000000      -0.382268990897012     
   5.63113791666667        5.63113791666667      -0.350459226399024     
   5.63113791666667        5.92740833333333      -0.322832556082972     
   5.63113791666667        6.22367875000000      -0.299497827788865     
   5.63113791666667        6.51994916666667      -0.279762894917175     
   5.63113791666667        6.81621958333333      -0.262603995754291     
   5.63113791666667        7.11249000000000      -0.247218523522243     
   5.92740833333333       2.000000000000000E-003 -0.240237047668556     
   5.92740833333333       0.298270416666667      -0.253792590610837     
   5.92740833333333       0.594540833333333      -0.268101323016329     
   5.92740833333333       0.890811250000000      -0.283741947040244     
   5.92740833333333        1.18708166666667      -0.301733272093238     
   5.92740833333333        1.48335208333333      -0.322692026056801     
   5.92740833333333        1.77962250000000      -0.346530053070982     
   5.92740833333333        2.07589291666667      -0.372261156384687     
   5.92740833333333        2.37216333333333      -0.398235325343862     
   5.92740833333333        2.66843375000000      -0.422733655403332     
   5.92740833333333        2.96470416666667      -0.443260589598693     
   5.92740833333333        3.26097458333333      -0.457064542249620     
   5.92740833333333        3.55724500000000      -0.461956135776194     
   5.92740833333333        3.85351541666667      -0.457092875970646     
   5.92740833333333        4.14978583333333      -0.443314200168802     
   5.92740833333333        4.44605625000000      -0.422808007029005     
   5.92740833333333        4.74232666666667      -0.398326517847292     
   5.92740833333333        5.03859708333333      -0.372367133871692     
   5.92740833333333        5.33486750000000      -0.346650961531755     
   5.92740833333333        5.63113791666667      -0.322832580231242     
   5.92740833333333        5.92740833333333      -0.301898638828847     
   5.92740833333333        6.22367875000000      -0.283928441087293     
   5.92740833333333        6.51994916666667      -0.268286059493551     
   5.92740833333333        6.81621958333333      -0.253935194658020     
   5.92740833333333        7.11249000000000      -0.240309566020846     
   6.22367875000000       2.000000000000000E-003 -0.234166620773878     
   6.22367875000000       0.298270416666667      -0.246607982722184     
   6.22367875000000       0.594540833333333      -0.258517259892759     
   6.22367875000000       0.890811250000000      -0.270367833631280     
   6.22367875000000        1.18708166666667      -0.283741901208427     
   6.22367875000000        1.48335208333333      -0.299350128331763     
   6.22367875000000        1.77962250000000      -0.317038157052771     
   6.22367875000000        2.07589291666667      -0.336019896359232     
   6.22367875000000        2.37216333333333      -0.354831110154306     
   6.22367875000000        2.66843375000000      -0.372211042473352     
   6.22367875000000        2.96470416666667      -0.386593568384345     
   6.22367875000000        3.26097458333333      -0.396191672014586     
   6.22367875000000        3.55724500000000      -0.399581539438071     
   6.22367875000000        3.85351541666667      -0.396216582791291     
   6.22367875000000        4.14978583333333      -0.386641366099557     
   6.22367875000000        4.44605625000000      -0.372278693259750     
   6.22367875000000        4.74232666666667      -0.354916147672247     
   6.22367875000000        5.03859708333333      -0.336121334747383     
   6.22367875000000        5.33486750000000      -0.317158358671352     
   6.22367875000000        5.63113791666667      -0.299497770542673     
   6.22367875000000        5.92740833333333      -0.283928313824971     
   6.22367875000000        6.22367875000000      -0.270597627203889     
   6.22367875000000        6.51994916666667      -0.258766365906309     
   6.22367875000000        6.81621958333333      -0.246804570847025     
   6.22367875000000        7.11249000000000      -0.234245020403077     
   6.51994916666667       2.000000000000000E-003 -0.228819432028115     
   6.51994916666667       0.298270416666667      -0.240848840689231     
   6.51994916666667       0.594540833333333      -0.250285660402421     
   6.51994916666667       0.890811250000000      -0.258517053041648     
   6.51994916666667        1.18708166666667      -0.268101137728899     
   6.51994916666667        1.48335208333333      -0.279622860241761     
   6.51994916666667        1.77962250000000      -0.292746066251258     
   6.51994916666667        2.07589291666667      -0.306798347467897     
   6.51994916666667        2.37216333333333      -0.320711261146981     
   6.51994916666667        2.66843375000000      -0.333351983855050     
   6.51994916666667        2.96470416666667      -0.343734519167129     
   6.51994916666667        3.26097458333333      -0.350643315493014     
   6.51994916666667        3.55724500000000      -0.353082454053053     
   6.51994916666667        3.85351541666667      -0.350665629340608     
   6.51994916666667        4.14978583333333      -0.343777554212510     
   6.51994916666667        4.44605625000000      -0.333413287847944     
   6.51994916666667        4.74232666666667      -0.320788784279082     
   6.51994916666667        5.03859708333333      -0.306891163355473     
   6.51994916666667        5.33486750000000      -0.292857464454525     
   6.51994916666667        5.63113791666667      -0.279762685628786     
   6.51994916666667        5.92740833333333      -0.268285702914234     
   6.51994916666667        6.22367875000000      -0.258766078161923     
   6.51994916666667        6.51994916666667      -0.250598420497624     
   6.51994916666667        6.81621958333333      -0.241134735368807     
   6.51994916666667        7.11249000000000      -0.228923522655161     
   6.81621958333333       2.000000000000000E-003 -0.223189874431287     
   6.81621958333333       0.298270416666667      -0.234246549374950     
   6.81621958333333       0.594540833333333      -0.240848526803668     
   6.81621958333333       0.890811250000000      -0.246607599805007     
   6.81621958333333        1.18708166666667      -0.253792321516789     
   6.81621958333333        1.48335208333333      -0.262492882792488     
   6.81621958333333        1.77962250000000      -0.272397823238475     
   6.81621958333333        2.07589291666667      -0.283011546591454     
   6.81621958333333        2.37216333333333      -0.293518328522136     
   6.81621958333333        2.66843375000000      -0.303016701112814     
   6.81621958333333        2.96470416666667      -0.310792690941645     
   6.81621958333333        3.26097458333333      -0.315965949996452     
   6.81621958333333        3.55724500000000      -0.317793757591885     
   6.81621958333333        3.85351541666667      -0.315985662208644     
   6.81621958333333        4.14978583333333      -0.310830635959199     
   6.81621958333333        4.44605625000000      -0.303070560419305     
   6.81621958333333        4.74232666666667      -0.293585762673464     
   6.81621958333333        5.03859708333333      -0.283090598161226     
   6.81621958333333        5.33486750000000      -0.272489637541930     
   6.81621958333333        5.63113791666667      -0.262603644856816     
   6.81621958333333        5.92740833333333      -0.253934627266482     
   6.81621958333333        6.22367875000000      -0.246803965287916     
   6.81621958333333        6.51994916666667      -0.241134279383757     
   6.81621958333333        6.81621958333333      -0.234606088573163     
   6.81621958333333        7.11249000000000      -0.223371330754282     
   7.11249000000000       2.000000000000000E-003 -0.214099874667160     
   7.11249000000000       0.298270416666667      -0.223189536248129     
   7.11249000000000       0.594540833333333      -0.228818967113050     
   7.11249000000000       0.890811250000000      -0.234166217481496     
   7.11249000000000        1.18708166666667      -0.240236814258280     
   7.11249000000000        1.48335208333333      -0.247149559765678     
   7.11249000000000        1.77962250000000      -0.254864694462778     
   7.11249000000000        2.07589291666667      -0.263082580269365     
   7.11249000000000        2.37216333333333      -0.271263960114601     
   7.11249000000000        2.66843375000000      -0.278667763627779     
   7.11249000000000        2.96470416666667      -0.284733092338414     
   7.11249000000000        3.26097458333333      -0.288773523418820     
   7.11249000000000        3.55724500000000      -0.290202614963020     
   7.11249000000000        3.85351541666667      -0.288790364847694     
   7.11249000000000        4.14978583333333      -0.284765314680172     
   7.11249000000000        4.44605625000000      -0.278712971036569     
   7.11249000000000        4.74232666666667      -0.271319178012258     
   7.11249000000000        5.03859708333333      -0.263144040705258     
   7.11249000000000        5.33486750000000      -0.254930127811506     
   7.11249000000000        5.63113791666667      -0.247218116749435     
   7.11249000000000        5.92740833333333      -0.240308927184931     
   7.11249000000000        6.22367875000000      -0.234244287049844     
   7.11249000000000        6.51994916666667      -0.228922808571984     
   7.11249000000000        6.81621958333333      -0.223370894905738     
   7.11249000000000        7.11249000000000      -0.214310039691991     
