  2.000000000000000E-003  2.000000000000000E-003 -0.254921520308473     
  2.000000000000000E-003  0.298270416666667      -0.266622887407800     
  2.000000000000000E-003  0.594540833333333      -0.270505237476783     
  2.000000000000000E-003  0.890811250000000      -0.268867727984082     
  2.000000000000000E-003   1.18708166666667      -0.265945216961599     
  2.000000000000000E-003   1.48335208333333      -0.262929021210321     
  2.000000000000000E-003   1.77962250000000      -0.259929736028735     
  2.000000000000000E-003   2.07589291666667      -0.256793621526221     
  2.000000000000000E-003   2.37216333333333      -0.253305539843360     
  2.000000000000000E-003   2.66843375000000      -0.249266258854638     
  2.000000000000000E-003   2.96470416666667      -0.244383279979047     
  2.000000000000000E-003   3.26097458333333      -0.238497791804855     
  2.000000000000000E-003   3.55724500000000      -0.231601223626463     
  2.000000000000000E-003   3.85351541666667      -0.223864367172155     
  2.000000000000000E-003   4.14978583333333      -0.215642675175609     
  2.000000000000000E-003   4.44605625000000      -0.207391078965020     
  2.000000000000000E-003   4.74232666666667      -0.199550825204824     
  2.000000000000000E-003   5.03859708333333      -0.192475996741411     
  2.000000000000000E-003   5.33486750000000      -0.186459916843562     
  2.000000000000000E-003   5.63113791666667      -0.181694424146731     
  2.000000000000000E-003   5.92740833333333      -0.178279824314433     
  2.000000000000000E-003   6.22367875000000      -0.176056578714671     
  2.000000000000000E-003   6.51994916666667      -0.174021180433555     
  2.000000000000000E-003   6.81621958333333      -0.169208706377567     
  2.000000000000000E-003   7.11249000000000      -0.161322927068215     
  0.298270416666667       2.000000000000000E-003 -0.274433217295201     
  0.298270416666667       0.298270416666667      -0.277410148084053     
  0.298270416666667       0.594540833333333      -0.280855500184342     
  0.298270416666667       0.890811250000000      -0.282728716544164     
  0.298270416666667        1.18708166666667      -0.282649694599479     
  0.298270416666667        1.48335208333333      -0.281459358924300     
  0.298270416666667        1.77962250000000      -0.279481187199922     
  0.298270416666667        2.07589291666667      -0.276730423306405     
  0.298270416666667        2.37216333333333      -0.273122123064213     
  0.298270416666667        2.66843375000000      -0.268464541268040     
  0.298270416666667        2.96470416666667      -0.262543522466702     
  0.298270416666667        3.26097458333333      -0.255308910719185     
  0.298270416666667        3.55724500000000      -0.246882632822710     
  0.298270416666667        3.85351541666667      -0.237567250443132     
  0.298270416666667        4.14978583333333      -0.227820080739042     
  0.298270416666667        4.44605625000000      -0.218156001080383     
  0.298270416666667        4.74232666666667      -0.209036482210379     
  0.298270416666667        5.03859708333333      -0.200804942214137     
  0.298270416666667        5.33486750000000      -0.193652839456016     
  0.298270416666667        5.63113791666667      -0.187708514833191     
  0.298270416666667        5.92740833333333      -0.183027933861304     
  0.298270416666667        6.22367875000000      -0.179421931951479     
  0.298270416666667        6.51994916666667      -0.176120297734248     
  0.298270416666667        6.81621958333333      -0.171555153878923     
  0.298270416666667        7.11249000000000      -0.164613352320193     
  0.594540833333333       2.000000000000000E-003 -0.289083256842540     
  0.594540833333333       0.298270416666667      -0.294310193514566     
  0.594540833333333       0.594540833333333      -0.295756177533034     
  0.594540833333333       0.890811250000000      -0.299004777120781     
  0.594540833333333        1.18708166666667      -0.301666244485493     
  0.594540833333333        1.48335208333333      -0.302724978697345     
  0.594540833333333        1.77962250000000      -0.302107969238335     
  0.594540833333333        2.07589291666667      -0.299900378425520     
  0.594540833333333        2.37216333333333      -0.296133317018529     
  0.594540833333333        2.66843375000000      -0.290655906056869     
  0.594540833333333        2.96470416666667      -0.283376688395622     
  0.594540833333333        3.26097458333333      -0.274398494494880     
  0.594540833333333        3.55724500000000      -0.264017960822012     
  0.594540833333333        3.85351541666667      -0.252716405695144     
  0.594540833333333        4.14978583333333      -0.241090294050856     
  0.594540833333333        4.44605625000000      -0.229725370399450     
  0.594540833333333        4.74232666666667      -0.219086378352361     
  0.594540833333333        5.03859708333333      -0.209479480855245     
  0.594540833333333        5.33486750000000      -0.201005697700470     
  0.594540833333333        5.63113791666667      -0.193715534238149     
  0.594540833333333        5.92740833333333      -0.187683602915169     
  0.594540833333333        6.22367875000000      -0.182806119981456     
  0.594540833333333        6.51994916666667      -0.178453050241575     
  0.594540833333333        6.81621958333333      -0.172832610784210     
  0.594540833333333        7.11249000000000      -0.164852211775416     
  0.890811250000000       2.000000000000000E-003 -0.300803066891710     
  0.890811250000000       0.298270416666667      -0.310263213009940     
  0.890811250000000       0.594540833333333      -0.315454535545358     
  0.890811250000000       0.890811250000000      -0.320719442244233     
  0.890811250000000        1.18708166666667      -0.325545835074469     
  0.890811250000000        1.48335208333333      -0.328561624747328     
  0.890811250000000        1.77962250000000      -0.329186230462175     
  0.890811250000000        2.07589291666667      -0.327415703269653     
  0.890811250000000        2.37216333333333      -0.323278698423062     
  0.890811250000000        2.66843375000000      -0.316654837590590     
  0.890811250000000        2.96470416666667      -0.307613721841523     
  0.890811250000000        3.26097458333333      -0.296425978343334     
  0.890811250000000        3.55724500000000      -0.283580177899486     
  0.890811250000000        3.85351541666667      -0.269786332187578     
  0.890811250000000        4.14978583333333      -0.255847799420624     
  0.890811250000000        4.44605625000000      -0.242448197885668     
  0.890811250000000        4.74232666666667      -0.230022938408464     
  0.890811250000000        5.03859708333333      -0.218785799681240     
  0.890811250000000        5.33486750000000      -0.208785119847962     
  0.890811250000000        5.63113791666667      -0.199977770579324     
  0.890811250000000        5.92740833333333      -0.192459651787422     
  0.890811250000000        6.22367875000000      -0.186164759240926     
  0.890811250000000        6.51994916666667      -0.180480143331060     
  0.890811250000000        6.81621958333333      -0.174079821373971     
  0.890811250000000        7.11249000000000      -0.166729552241600     
   1.18708166666667       2.000000000000000E-003 -0.313234385119167     
   1.18708166666667       0.298270416666667      -0.326975880556239     
   1.18708166666667       0.594540833333333      -0.337731193490394     
   1.18708166666667       0.890811250000000      -0.347113013215392     
   1.18708166666667        1.18708166666667      -0.354919734349609     
   1.18708166666667        1.48335208333333      -0.360094892563030     
   1.18708166666667        1.77962250000000      -0.362010609350857     
   1.18708166666667        2.07589291666667      -0.360610218110492     
   1.18708166666667        2.37216333333333      -0.355819800528020     
   1.18708166666667        2.66843375000000      -0.347652706921064     
   1.18708166666667        2.96470416666667      -0.336384512984131     
   1.18708166666667        3.26097458333333      -0.322424973193233     
   1.18708166666667        3.55724500000000      -0.306420152377476     
   1.18708166666667        3.85351541666667      -0.289401770209564     
   1.18708166666667        4.14978583333333      -0.272555341068609     
   1.18708166666667        4.44605625000000      -0.256726338578810     
   1.18708166666667        4.74232666666667      -0.242236090724590     
   1.18708166666667        5.03859708333333      -0.229096499723494     
   1.18708166666667        5.33486750000000      -0.217270782425189     
   1.18708166666667        5.63113791666667      -0.206699606739459     
   1.18708166666667        5.92740833333333      -0.197477375710340     
   1.18708166666667        6.22367875000000      -0.189611506783154     
   1.18708166666667        6.51994916666667      -0.182683672347184     
   1.18708166666667        6.81621958333333      -0.175913072001236     
   1.18708166666667        7.11249000000000      -0.169050661681863     
   1.48335208333333       2.000000000000000E-003 -0.327658186798204     
   1.48335208333333       0.298270416666667      -0.346190966318608     
   1.48335208333333       0.594540833333333      -0.363013502835379     
   1.48335208333333       0.890811250000000      -0.377899778137257     
   1.48335208333333        1.18708166666667      -0.389942486386911     
   1.48335208333333        1.48335208333333      -0.398115525496919     
   1.48335208333333        1.77962250000000      -0.401925985887302     
   1.48335208333333        2.07589291666667      -0.401112558354075     
   1.48335208333333        2.37216333333333      -0.395492306574873     
   1.48335208333333        2.66843375000000      -0.385387966456952     
   1.48335208333333        2.96470416666667      -0.371389634292956     
   1.48335208333333        3.26097458333333      -0.353886676373288     
   1.48335208333333        3.55724500000000      -0.333715896913216     
   1.48335208333333        3.85351541666667      -0.312302733382507     
   1.48335208333333        4.14978583333333      -0.291548849124546     
   1.48335208333333        4.44605625000000      -0.272869405308828     
   1.48335208333333        4.74232666666667      -0.256102875374756     
   1.48335208333333        5.03859708333333      -0.240794817994801     
   1.48335208333333        5.33486750000000      -0.226762042421820     
   1.48335208333333        5.63113791666667      -0.214081000133039     
   1.48335208333333        5.92740833333333      -0.202893879323881     
   1.48335208333333        6.22367875000000      -0.193349455114221     
   1.48335208333333        6.51994916666667      -0.185237175304254     
   1.48335208333333        6.81621958333333      -0.178033377757438     
   1.48335208333333        7.11249000000000      -0.171292638158138     
   1.77962250000000       2.000000000000000E-003 -0.344314300253277     
   1.77962250000000       0.298270416666667      -0.368381369320079     
   1.77962250000000       0.594540833333333      -0.391858157945303     
   1.77962250000000       0.890811250000000      -0.413250877822628     
   1.77962250000000        1.18708166666667      -0.430906861898978     
   1.77962250000000        1.48335208333333      -0.443593629757899     
   1.77962250000000        1.77962250000000      -0.450619309428286     
   1.77962250000000        2.07589291666667      -0.451229824714841     
   1.77962250000000        2.37216333333333      -0.444944975815720     
   1.77962250000000        2.66843375000000      -0.431833811189354     
   1.77962250000000        2.96470416666667      -0.413667161435174     
   1.77962250000000        3.26097458333333      -0.391896896427813     
   1.77962250000000        3.55724500000000      -0.367067561951627     
   1.77962250000000        3.85351541666667      -0.340442775379734     
   1.77962250000000        4.14978583333333      -0.314692521259923     
   1.77962250000000        4.44605625000000      -0.291895643866096     
   1.77962250000000        4.74232666666667      -0.272132120580530     
   1.77962250000000        5.03859708333333      -0.254301481495993     
   1.77962250000000        5.33486750000000      -0.237570990882972     
   1.77962250000000        5.63113791666667      -0.222259288140126     
   1.77962250000000        5.92740833333333      -0.208789326459564     
   1.77962250000000        6.22367875000000      -0.197424666219105     
   1.77962250000000        6.51994916666667      -0.188097682693055     
   1.77962250000000        6.81621958333333      -0.180352418631236     
   1.77962250000000        7.11249000000000      -0.173566197679234     
   2.07589291666667       2.000000000000000E-003 -0.362925139918191     
   2.07589291666667       0.298270416666667      -0.393221750973827     
   2.07589291666667       0.594540833333333      -0.424123089639358     
   2.07589291666667       0.890811250000000      -0.453093322676498     
   2.07589291666667        1.18708166666667      -0.477985310304012     
   2.07589291666667        1.48335208333333      -0.497281445712775     
   2.07589291666667        1.77962250000000      -0.510088224323996     
   2.07589291666667        2.07589291666667      -0.514523116711523     
   2.07589291666667        2.37216333333333      -0.506828031644711     
   2.07589291666667        2.66843375000000      -0.488819334809684     
   2.07589291666667        2.96470416666667      -0.465051404464290     
   2.07589291666667        3.26097458333333      -0.438734315695803     
   2.07589291666667        3.55724500000000      -0.409038244410230     
   2.07589291666667        3.85351541666667      -0.375888917532591     
   2.07589291666667        4.14978583333333      -0.343776997031984     
   2.07589291666667        4.44605625000000      -0.316180337385237     
   2.07589291666667        4.74232666666667      -0.292323816631227     
   2.07589291666667        5.03859708333333      -0.270373514168798     
   2.07589291666667        5.33486750000000      -0.249914804716792     
   2.07589291666667        5.63113791666667      -0.231293655665860     
   2.07589291666667        5.92740833333333      -0.215111334604649     
   2.07589291666667        6.22367875000000      -0.201738781887976     
   2.07589291666667        6.51994916666667      -0.191140045034463     
   2.07589291666667        6.81621958333333      -0.182815300681248     
   2.07589291666667        7.11249000000000      -0.175958762263758     
   2.37216333333333       2.000000000000000E-003 -0.382886494184449     
   2.37216333333333       0.298270416666667      -0.420059730931947     
   2.37216333333333       0.594540833333333      -0.458915918105022     
   2.37216333333333       0.890811250000000      -0.496308677393696     
   2.37216333333333        1.18708166666667      -0.529764971359543     
   2.37216333333333        1.48335208333333      -0.558573864803527     
   2.37216333333333        1.77962250000000      -0.582627989966836     
   2.37216333333333        2.07589291666667      -0.592427975858298     
   2.37216333333333        2.37216333333333      -0.583572135780032     
   2.37216333333333        2.66843375000000      -0.559056764076107     
   2.37216333333333        2.96470416666667      -0.527461036235377     
   2.37216333333333        3.26097458333333      -0.496815250378387     
   2.37216333333333        3.55724500000000      -0.462710447041693     
   2.37216333333333        3.85351541666667      -0.420370063340601     
   2.37216333333333        4.14978583333333      -0.380049604950132     
   2.37216333333333        4.44605625000000      -0.347688764286154     
   2.37216333333333        4.74232666666667      -0.318793750151211     
   2.37216333333333        5.03859708333333      -0.290456019664231     
   2.37216333333333        5.33486750000000      -0.263849008902583     
   2.37216333333333        5.63113791666667      -0.240930085889372     
   2.37216333333333        5.92740833333333      -0.221634617176828     
   2.37216333333333        6.22367875000000      -0.206102706221094     
   2.37216333333333        6.51994916666667      -0.194207209555990     
   2.37216333333333        6.81621958333333      -0.185318597634937     
   2.37216333333333        7.11249000000000      -0.178433429398640     
   2.66843375000000       2.000000000000000E-003 -0.402755740674759     
   2.66843375000000       0.298270416666667      -0.446665656100889     
   2.66843375000000       0.594540833333333      -0.493184183282441     
   2.66843375000000       0.890811250000000      -0.538890385526082     
   2.66843375000000        1.18708166666667      -0.582112411319649     
   2.66843375000000        1.48335208333333      -0.624811955481493     
   2.66843375000000        1.77962250000000      -0.663773692633858     
   2.66843375000000        2.07589291666667      -0.682563040501104     
   2.66843375000000        2.37216333333333      -0.676172878905933     
   2.66843375000000        2.66843375000000      -0.644929454034727     
   2.66843375000000        2.96470416666667      -0.600985440468318     
   2.66843375000000        3.26097458333333      -0.565675258988807     
   2.66843375000000        3.55724500000000      -0.530002680682595     
   2.66843375000000        3.85351541666667      -0.474164570691020     
   2.66843375000000        4.14978583333333      -0.426378768075456     
   2.66843375000000        4.44605625000000      -0.391472985220616     
   2.66843375000000        4.74232666666667      -0.354868334162164     
   2.66843375000000        5.03859708333333      -0.315681927686770     
   2.66843375000000        5.33486750000000      -0.279443397884809     
   2.66843375000000        5.63113791666667      -0.250457298005625     
   2.66843375000000        5.92740833333333      -0.227880198103526     
   2.66843375000000        6.22367875000000      -0.210216449961751     
   2.66843375000000        6.51994916666667      -0.197091081774323     
   2.66843375000000        6.81621958333333      -0.187707333551667     
   2.66843375000000        7.11249000000000      -0.180847607637109     
   2.96470416666667       2.000000000000000E-003 -0.419631800627122     
   2.96470416666667       0.298270416666667      -0.469230594131494     
   2.96470416666667       0.594540833333333      -0.522239192031817     
   2.96470416666667       0.890811250000000      -0.575411720470151     
   2.96470416666667        1.18708166666667      -0.628764189491275     
   2.96470416666667        1.48335208333333      -0.688935683872723     
   2.96470416666667        1.77962250000000      -0.742435261109901     
   2.96470416666667        2.07589291666667      -0.775021948712325     
   2.96470416666667        2.37216333333333      -0.779445870877678     
   2.96470416666667        2.66843375000000      -0.747746611926755     
   2.96470416666667        2.96470416666667      -0.686343962757893     
   2.96470416666667        3.26097458333333      -0.636469085627586     
   2.96470416666667        3.55724500000000      -0.603736863926552     
   2.96470416666667        3.85351541666667      -0.535651774508378     
   2.96470416666667        4.14978583333333      -0.495468259513941     
   2.96470416666667        4.44605625000000      -0.458271761354224     
   2.96470416666667        4.74232666666667      -0.403507608485153     
   2.96470416666667        5.03859708333333      -0.345324278413668     
   2.96470416666667        5.33486750000000      -0.295579924197133     
   2.96470416666667        5.63113791666667      -0.258680633039539     
   2.96470416666667        5.92740833333333      -0.233137825596193     
   2.96470416666667        6.22367875000000      -0.213656209426991     
   2.96470416666667        6.51994916666667      -0.199509251499907     
   2.96470416666667        6.81621958333333      -0.189729529155234     
   2.96470416666667        7.11249000000000      -0.182912248134365     
   3.26097458333333       2.000000000000000E-003 -0.430979890309267     
   3.26097458333333       0.298270416666667      -0.484377208285010     
   3.26097458333333       0.594540833333333      -0.541770099229645     
   3.26097458333333       0.890811250000000      -0.600290309428656     
   3.26097458333333        1.18708166666667      -0.661775483625757     
   3.26097458333333        1.48335208333333      -0.735187751697371     
   3.26097458333333        1.77962250000000      -0.802126279147541     
   3.26097458333333        2.07589291666667      -0.849617237806551     
   3.26097458333333        2.37216333333333      -0.871371885331635     
   3.26097458333333        2.66843375000000      -0.855449399271722     
   3.26097458333333        2.96470416666667      -0.794522390680729     
   3.26097458333333        3.26097458333333      -0.709805548788783     
   3.26097458333333        3.55724500000000      -0.653381331294249     
   3.26097458333333        3.85351541666667      -0.624185968840873     
   3.26097458333333        4.14978583333333      -0.615993296148083     
   3.26097458333333        4.44605625000000      -0.548127076958437     
   3.26097458333333        4.74232666666667      -0.455735477010666     
   3.26097458333333        5.03859708333333      -0.372569431163794     
   3.26097458333333        5.33486750000000      -0.308782167768349     
   3.26097458333333        5.63113791666667      -0.264733738832356     
   3.26097458333333        5.92740833333333      -0.236652802082822     
   3.26097458333333        6.22367875000000      -0.215960894582339     
   3.26097458333333        6.51994916666667      -0.201138791081593     
   3.26097458333333        6.81621958333333      -0.191101158566966     
   3.26097458333333        7.11249000000000      -0.184317719584784     
   3.55724500000000       2.000000000000000E-003 -0.434996404602279     
   3.55724500000000       0.298270416666667      -0.489721176463306     
   3.55724500000000       0.594540833333333      -0.548659642681516     
   3.55724500000000       0.890811250000000      -0.609139804137620     
   3.55724500000000        1.18708166666667      -0.673801080478407     
   3.55724500000000        1.48335208333333      -0.752727155124335     
   3.55724500000000        1.77962250000000      -0.823799333319887     
   3.55724500000000        2.07589291666667      -0.878635557300530     
   3.55724500000000        2.37216333333333      -0.910113528320291     
   3.55724500000000        2.66843375000000      -0.909143137752493     
   3.55724500000000        2.96470416666667      -0.871168725873833     
   3.55724500000000        3.26097458333333      -0.799255709033910     
   3.55724500000000        3.55724500000000      -0.663187840811378     
   3.55724500000000        3.85351541666667      -0.726163151292427     
   3.55724500000000        4.14978583333333      -0.710486801376676     
   3.55724500000000        4.44605625000000      -0.599170064076576     
   3.55724500000000        4.74232666666667      -0.480370741493115     
   3.55724500000000        5.03859708333333      -0.384163200357983     
   3.55724500000000        5.33486750000000      -0.314047086062680     
   3.55724500000000        5.63113791666667      -0.266952601840805     
   3.55724500000000        5.92740833333333      -0.237888662100513     
   3.55724500000000        6.22367875000000      -0.216776696476739     
   3.55724500000000        6.51994916666667      -0.201719654646579     
   3.55724500000000        6.81621958333333      -0.191592572761820     
   3.55724500000000        7.11249000000000      -0.184821610331120     
   3.85351541666667       2.000000000000000E-003 -0.430972547635020     
   3.85351541666667       0.298270416666667      -0.484367311958192     
   3.85351541666667       0.594540833333333      -0.541757787568640     
   3.85351541666667       0.890811250000000      -0.600275485830303     
   3.85351541666667        1.18708166666667      -0.661757076407802     
   3.85351541666667        1.48335208333333      -0.735162207510192     
   3.85351541666667        1.77962250000000      -0.802088232097485     
   3.85351541666667        2.07589291666667      -0.849558387863685     
   3.85351541666667        2.37216333333333      -0.871278441770394     
   3.85351541666667        2.66843375000000      -0.855303033487915     
   3.85351541666667        2.96470416666667      -0.794322853908116     
   3.85351541666667        3.26097458333333      -0.709649427851961     
   3.85351541666667        3.55724500000000      -0.653312585214538     
   3.85351541666667        3.85351541666667      -0.624285941431581     
   3.85351541666667        4.14978583333333      -0.616221090290264     
   3.85351541666667        4.44605625000000      -0.548288543487953     
   3.85351541666667        4.74232666666667      -0.455821090047853     
   3.85351541666667        5.03859708333333      -0.372609457246769     
   3.85351541666667        5.33486750000000      -0.308799903931570     
   3.85351541666667        5.63113791666667      -0.264743382631315     
   3.85351541666667        5.92740833333333      -0.236661772140183     
   3.85351541666667        6.22367875000000      -0.215971404388003     
   3.85351541666667        6.51994916666667      -0.201151575078475     
   3.85351541666667        6.81621958333333      -0.191115864696004     
   3.85351541666667        7.11249000000000      -0.184333070504963     
   4.14978583333333       2.000000000000000E-003 -0.419618663276127     
   4.14978583333333       0.298270416666667      -0.469212438445520     
   4.14978583333333       0.594540833333333      -0.522216414378337     
   4.14978583333333       0.890811250000000      -0.575384498802467     
   4.14978583333333        1.18708166666667      -0.628731360956760     
   4.14978583333333        1.48335208333333      -0.688892506281365     
   4.14978583333333        1.77962250000000      -0.742374731768669     
   4.14978583333333        2.07589291666667      -0.774936088600609     
   4.14978583333333        2.37216333333333      -0.779325777072534     
   4.14978583333333        2.66843375000000      -0.747594233396956     
   4.14978583333333        2.96470416666667      -0.686194139325842     
   4.14978583333333        3.26097458333333      -0.636368988839558     
   4.14978583333333        3.55724500000000      -0.603617324573659     
   4.14978583333333        3.85351541666667      -0.535613666961788     
   4.14978583333333        4.14978583333333      -0.495597096984678     
   4.14978583333333        4.44605625000000      -0.458422381754826     
   4.14978583333333        4.74232666666667      -0.403609299301388     
   4.14978583333333        5.03859708333333      -0.345379682587840     
   4.14978583333333        5.33486750000000      -0.295608411104970     
   4.14978583333333        5.63113791666667      -0.258699292511391     
   4.14978583333333        5.92740833333333      -0.233156538804958     
   4.14978583333333        6.22367875000000      -0.213677887018996     
   4.14978583333333        6.51994916666667      -0.199534930327152     
   4.14978583333333        6.81621958333333      -0.189758175054909     
   4.14978583333333        7.11249000000000      -0.182941346795360     
   4.44605625000000       2.000000000000000E-003 -0.402739814272061     
   4.44605625000000       0.298270416666667      -0.446642035055186     
   4.44605625000000       0.594540833333333      -0.493153812777650     
   4.44605625000000       0.890811250000000      -0.538854378893352     
   4.44605625000000        1.18708166666667      -0.582070719821599     
   4.44605625000000        1.48335208333333      -0.624761644385536     
   4.44605625000000        1.77962250000000      -0.663709183195008     
   4.44605625000000        2.07589291666667      -0.682482091219105     
   4.44605625000000        2.37216333333333      -0.676078411850385     
   4.44605625000000        2.66843375000000      -0.644836796230774     
   4.44605625000000        2.96470416666667      -0.600920470949798     
   4.44605625000000        3.26097458333333      -0.565634225075575     
   4.44605625000000        3.55724500000000      -0.529939122109822     
   4.44605625000000        3.85351541666667      -0.474121991082581     
   4.44605625000000        4.14978583333333      -0.426421299747586     
   4.44605625000000        4.44605625000000      -0.391559249538575     
   4.44605625000000        4.74232666666667      -0.354945167963014     
   4.44605625000000        5.03859708333333      -0.315733698703616     
   4.44605625000000        5.33486750000000      -0.279477157815843     
   4.44605625000000        5.63113791666667      -0.250485696837633     
   4.44605625000000        5.92740833333333      -0.227910086202307     
   4.44605625000000        6.22367875000000      -0.210250672830369     
   4.44605625000000        6.51994916666667      -0.197130027091002     
   4.44605625000000        6.81621958333333      -0.187748750264473     
   4.44605625000000        7.11249000000000      -0.180887563742557     
   4.74232666666667       2.000000000000000E-003 -0.382872390559846     
   4.74232666666667       0.298270416666667      -0.420034256772876     
   4.74232666666667       0.594540833333333      -0.458880913552605     
   4.74232666666667       0.890811250000000      -0.496267118033111     
   4.74232666666667        1.18708166666667      -0.529718947263802     
   4.74232666666667        1.48335208333333      -0.558523454054498     
   4.74232666666667        1.77962250000000      -0.582570914850314     
   4.74232666666667        2.07589291666667      -0.592366121100372     
   4.74232666666667        2.37216333333333      -0.583513759264019     
   4.74232666666667        2.66843375000000      -0.559016457425424     
   4.74232666666667        2.96470416666667      -0.527450119947667     
   4.74232666666667        3.26097458333333      -0.496822225724398     
   4.74232666666667        3.55724500000000      -0.462710726266474     
   4.74232666666667        3.85351541666667      -0.420373210203432     
   4.74232666666667        4.14978583333333      -0.380081685272359     
   4.74232666666667        4.44605625000000      -0.347744294652624     
   4.74232666666667        4.74232666666667      -0.318850676238720     
   4.74232666666667        5.03859708333333      -0.290502900482028     
   4.74232666666667        5.33486750000000      -0.263888306410934     
   4.74232666666667        5.63113791666667      -0.240969252683509     
   4.74232666666667        5.92740833333333      -0.221677578642537     
   4.74232666666667        6.22367875000000      -0.206151486965804     
   4.74232666666667        6.51994916666667      -0.194260387078045     
   4.74232666666667        6.81621958333333      -0.185371499256316     
   4.74232666666667        7.11249000000000      -0.178480282776017     
   5.03859708333333       2.000000000000000E-003 -0.362920457585991     
   5.03859708333333       0.298270416666667      -0.393198899451517     
   5.03859708333333       0.594540833333333      -0.424085780462170     
   5.03859708333333       0.890811250000000      -0.453047946725101     
   5.03859708333333        1.18708166666667      -0.477937428700495     
   5.03859708333333        1.48335208333333      -0.497233756030291     
   5.03859708333333        1.77962250000000      -0.510041768192213     
   5.03859708333333        2.07589291666667      -0.514480264111748     
   5.03859708333333        2.37216333333333      -0.506796861595206     
   5.03859708333333        2.66843375000000      -0.488809962334078     
   5.03859708333333        2.96470416666667      -0.465068491284650     
   5.03859708333333        3.26097458333333      -0.438769639616759     
   5.03859708333333        3.55724500000000      -0.409077506650538     
   5.03859708333333        3.85351541666667      -0.375928950004762     
   5.03859708333333        4.14978583333333      -0.343823443432170     
   5.03859708333333        4.44605625000000      -0.316232775413636     
   5.03859708333333        4.74232666666667      -0.292375601555197     
   5.03859708333333        5.03859708333333      -0.270421243948304     
   5.03859708333333        5.33486750000000      -0.249961538529914     
   5.03859708333333        5.63113791666667      -0.231343855367937     
   5.03859708333333        5.92740833333333      -0.215168875491398     
   5.03859708333333        6.22367875000000      -0.201804613936603     
   5.03859708333333        6.51994916666667      -0.191209473115241     
   5.03859708333333        6.81621958333333      -0.182878583681189     
   5.03859708333333        7.11249000000000      -0.176006743148446     
   5.33486750000000       2.000000000000000E-003 -0.344324466727417     
   5.33486750000000       0.298270416666667      -0.368360844619961     
   5.33486750000000       0.594540833333333      -0.391815336282977     
   5.33486750000000       0.890811250000000      -0.413200354147925     
   5.33486750000000        1.18708166666667      -0.430858283823277     
   5.33486750000000        1.48335208333333      -0.443549729507887     
   5.33486750000000        1.77962250000000      -0.450581604330729     
   5.33486750000000        2.07589291666667      -0.451200663466407     
   5.33486750000000        2.37216333333333      -0.444929520742687     
   5.33486750000000        2.66843375000000      -0.431838809090910     
   5.33486750000000        2.96470416666667      -0.413695124063089     
   5.33486750000000        3.26097458333333      -0.391943158491547     
   5.33486750000000        3.55724500000000      -0.367122890600951     
   5.33486750000000        3.85351541666667      -0.340500797679911     
   5.33486750000000        4.14978583333333      -0.314750428793959     
   5.33486750000000        4.44605625000000      -0.291951702341631     
   5.33486750000000        4.74232666666667      -0.272184762598388     
   5.33486750000000        5.03859708333333      -0.254351827836401     
   5.33486750000000        5.33486750000000      -0.237622925300380     
   5.33486750000000        5.63113791666667      -0.222318294982798     
   5.33486750000000        5.92740833333333      -0.208860856664284     
   5.33486750000000        6.22367875000000      -0.197509726071964     
   5.33486750000000        6.51994916666667      -0.188186162393500     
   5.33486750000000        6.81621958333333      -0.180424889025571     
   5.33486750000000        7.11249000000000      -0.173606811613754     
   5.63113791666667       2.000000000000000E-003 -0.327687288025872     
   5.63113791666667       0.298270416666667      -0.346165332784474     
   5.63113791666667       0.594540833333333      -0.362954458734171     
   5.63113791666667       0.890811250000000      -0.377838101693005     
   5.63113791666667        1.18708166666667      -0.389893002016709     
   5.63113791666667        1.48335208333333      -0.398078162237246     
   5.63113791666667        1.77962250000000      -0.401897016373854     
   5.63113791666667        2.07589291666667      -0.401092702498462     
   5.63113791666667        2.37216333333333      -0.395484719635488     
   5.63113791666667        2.66843375000000      -0.385396980590533     
   5.63113791666667        2.96470416666667      -0.371417839860300     
   5.63113791666667        3.26097458333333      -0.353931764236438     
   5.63113791666667        3.55724500000000      -0.333771938615024     
   5.63113791666667        3.85351541666667      -0.312362887934895     
   5.63113791666667        4.14978583333333      -0.291608130664826     
   5.63113791666667        4.44605625000000      -0.272924653490241     
   5.63113791666667        4.74232666666667      -0.256153939062583     
   5.63113791666667        5.03859708333333      -0.240843562648465     
   5.63113791666667        5.33486750000000      -0.226812724795321     
   5.63113791666667        5.63113791666667      -0.214141072720342     
   5.63113791666667        5.92740833333333      -0.202973773988340     
   5.63113791666667        6.22367875000000      -0.193452835238799     
   5.63113791666667        6.51994916666667      -0.185348309989512     
   5.63113791666667        6.81621958333333      -0.178115309722227     
   5.63113791666667        7.11249000000000      -0.171314379658569     
   5.92740833333333       2.000000000000000E-003 -0.313284386092372     
   5.92740833333333       0.298270416666667      -0.326928222018037     
   5.92740833333333       0.594540833333333      -0.337641637357864     
   5.92740833333333       0.890811250000000      -0.347039977475529     
   5.92740833333333        1.18708166666667      -0.354876460864270     
   5.92740833333333        1.48335208333333      -0.360070721267708     
   5.92740833333333        1.77962250000000      -0.361994628614148     
   5.92740833333333        2.07589291666667      -0.360599458884612     
   5.92740833333333        2.37216333333333      -0.355817355075754     
   5.92740833333333        2.66843375000000      -0.347662253185326     
   5.92740833333333        2.96470416666667      -0.336408474152937     
   5.92740833333333        3.26097458333333      -0.322462883037115     
   5.92740833333333        3.55724500000000      -0.306468566483853     
   5.92740833333333        3.85351541666667      -0.289455392811452     
   5.92740833333333        4.14978583333333      -0.272608970852170     
   5.92740833333333        4.44605625000000      -0.256776394240468     
   5.92740833333333        4.74232666666667      -0.242280993709381     
   5.92740833333333        5.03859708333333      -0.229136684938856     
   5.92740833333333        5.33486750000000      -0.217309007051130     
   5.92740833333333        5.63113791666667      -0.206746422304932     
   5.92740833333333        5.92740833333333      -0.197549711521427     
   5.92740833333333        6.22367875000000      -0.189722813755266     
   5.92740833333333        6.51994916666667      -0.182819712123417     
   5.92740833333333        6.81621958333333      -0.176009027594438     
   5.92740833333333        7.11249000000000      -0.169039380933354     
   6.22367875000000       2.000000000000000E-003 -0.300870652076360     
   6.22367875000000       0.298270416666667      -0.310164174520145     
   6.22367875000000       0.594540833333333      -0.315333029600930     
   6.22367875000000       0.890811250000000      -0.320660720946082     
   6.22367875000000        1.18708166666667      -0.325534397540475     
   6.22367875000000        1.48335208333333      -0.328566245351132     
   6.22367875000000        1.77962250000000      -0.329190444988585     
   6.22367875000000        2.07589291666667      -0.327416787723263     
   6.22367875000000        2.37216333333333      -0.323281536596878     
   6.22367875000000        2.66843375000000      -0.316664749391979     
   6.22367875000000        2.96470416666667      -0.307634071844774     
   6.22367875000000        3.26097458333333      -0.296457630786469     
   6.22367875000000        3.55724500000000      -0.283621123259143     
   6.22367875000000        3.85351541666667      -0.269832337405334     
   6.22367875000000        4.14978583333333      -0.255893859506402     
   6.22367875000000        4.44605625000000      -0.242489903136139     
   6.22367875000000        4.74232666666667      -0.230057156443100     
   6.22367875000000        5.03859708333333      -0.218810076013250     
   6.22367875000000        5.33486750000000      -0.208799245358508     
   6.22367875000000        5.63113791666667      -0.199991551665005     
   6.22367875000000        5.92740833333333      -0.192493861852497     
   6.22367875000000        6.22367875000000      -0.186250328278405     
   6.22367875000000        6.51994916666667      -0.180629003700104     
   6.22367875000000        6.81621958333333      -0.174203668913983     
   6.22367875000000        7.11249000000000      -0.166674630704182     
   6.51994916666667       2.000000000000000E-003 -0.289141883986856     
   6.51994916666667       0.298270416666667      -0.294141972774955     
   6.51994916666667       0.594540833333333      -0.295672930398516     
   6.51994916666667       0.890811250000000      -0.299034971204103     
   6.51994916666667        1.18708166666667      -0.301728447756235     
   6.51994916666667        1.48335208333333      -0.302776438622472     
   6.51994916666667        1.77962250000000      -0.302139313194514     
   6.51994916666667        2.07589291666667      -0.299916126715853     
   6.51994916666667        2.37216333333333      -0.296142641515000     
   6.51994916666667        2.66843375000000      -0.290666809023863     
   6.51994916666667        2.96470416666667      -0.283394038656040     
   6.51994916666667        3.26097458333333      -0.274424359539320     
   6.51994916666667        3.55724500000000      -0.264051440921291     
   6.51994916666667        3.85351541666667      -0.252754045398247     
   6.51994916666667        4.14978583333333      -0.241127324062100     
   6.51994916666667        4.44605625000000      -0.229756880215722     
   6.51994916666667        4.74232666666667      -0.219107663965093     
   6.51994916666667        5.03859708333333      -0.209484028812022     
   6.51994916666667        5.33486750000000      -0.200989755600958     
   6.51994916666667        5.63113791666667      -0.193681696245578     
   6.51994916666667        5.92740833333333      -0.187644584796703     
   6.51994916666667        6.22367875000000      -0.182799705560277     
   6.51994916666667        6.51994916666667      -0.178547656667824     
   6.51994916666667        6.81621958333333      -0.173000069588340     
   6.51994916666667        7.11249000000000      -0.164783660777376     
   6.81621958333333       2.000000000000000E-003 -0.274416945741766     
   6.81621958333333       0.298270416666667      -0.277315866526496     
   6.81621958333333       0.594540833333333      -0.280993728823960     
   6.81621958333333       0.890811250000000      -0.282920705426151     
   6.81621958333333        1.18708166666667      -0.282801311810328     
   6.81621958333333        1.48335208333333      -0.281558389191244     
   6.81621958333333        1.77962250000000      -0.279538431473589     
   6.81621958333333        2.07589291666667      -0.276760469373614     
   6.81621958333333        2.37216333333333      -0.273138683304958     
   6.81621958333333        2.66843375000000      -0.268477734630765     
   6.81621958333333        2.96470416666667      -0.262559385336337     
   6.81621958333333        3.26097458333333      -0.255330336339081     
   6.81621958333333        3.55724500000000      -0.246909580883099     
   6.81621958333333        3.85351541666667      -0.237597057066330     
   6.81621958333333        4.14978583333333      -0.227848494744173     
   6.81621958333333        4.44605625000000      -0.218178072187452     
   6.81621958333333        4.74232666666667      -0.209046480416047     
   6.81621958333333        5.03859708333333      -0.200793983960466     
   6.81621958333333        5.33486750000000      -0.193613504939361     
   6.81621958333333        5.63113791666667      -0.187635150228629     
   6.81621958333333        5.92740833333333      -0.182917048707695     
   6.81621958333333        6.22367875000000      -0.179285184830431     
   6.81621958333333        6.51994916666667      -0.176031274943609     
   6.81621958333333        6.81621958333333      -0.171672671795999     
   6.81621958333333        7.11249000000000      -0.164652173089383     
   7.11249000000000       2.000000000000000E-003 -0.254855869003134     
   7.11249000000000       0.298270416666667      -0.266758879887734     
   7.11249000000000       0.594540833333333      -0.270798942154175     
   7.11249000000000       0.890811250000000      -0.269129505651359     
   7.11249000000000        1.18708166666667      -0.266129207646812     
   7.11249000000000        1.48335208333333      -0.263046484515238     
   7.11249000000000        1.77962250000000      -0.259999851487590     
   7.11249000000000        2.07589291666667      -0.256833477265941     
   7.11249000000000        2.37216333333333      -0.253328928910855     
   7.11249000000000        2.66843375000000      -0.249283393786385     
   7.11249000000000        2.96470416666667      -0.244400121309031     
   7.11249000000000        3.26097458333333      -0.238517496584894     
   7.11249000000000        3.55724500000000      -0.231624313071731     
   7.11249000000000        3.85351541666667      -0.223888873631017     
   7.11249000000000        4.14978583333333      -0.215665042551148     
   7.11249000000000        4.44605625000000      -0.207406899548515     
   7.11249000000000        4.74232666666667      -0.199554563864181     
   7.11249000000000        5.03859708333333      -0.192459098733869     
   7.11249000000000        5.33486750000000      -0.186415432162571     
   7.11249000000000        5.63113791666667      -0.181615312535511     
   7.11249000000000        5.92740833333333      -0.178159498941378     
   7.11249000000000        6.22367875000000      -0.175894796305226     
   7.11249000000000        6.51994916666667      -0.173856510511698     
   7.11249000000000        6.81621958333333      -0.169171970219601     
   7.11249000000000        7.11249000000000      -0.161434786652610     
