  2.000000000000000E-003  2.000000000000000E-003 -0.423711932900341     
  2.000000000000000E-003  0.298270416666667      -0.451443959253394     
  2.000000000000000E-003  0.594540833333333      -0.460819007180048     
  2.000000000000000E-003  0.890811250000000      -0.466449846033670     
  2.000000000000000E-003   1.18708166666667      -0.467086963436825     
  2.000000000000000E-003   1.48335208333333      -0.461605929726550     
  2.000000000000000E-003   1.77962250000000      -0.450474435190028     
  2.000000000000000E-003   2.07589291666667      -0.434959828777824     
  2.000000000000000E-003   2.37216333333333      -0.416877736626513     
  2.000000000000000E-003   2.66843375000000      -0.397971648535186     
  2.000000000000000E-003   2.96470416666667      -0.377015279900484     
  2.000000000000000E-003   3.26097458333333      -0.354313287863979     
  2.000000000000000E-003   3.55724500000000      -0.331103398687424     
  2.000000000000000E-003   3.85351541666667      -0.308657834688847     
  2.000000000000000E-003   4.14978583333333      -0.287852103699240     
  2.000000000000000E-003   4.44605625000000      -0.269080270818272     
  2.000000000000000E-003   4.74232666666667      -0.252480915831237     
  2.000000000000000E-003   5.03859708333333      -0.238246038135726     
  2.000000000000000E-003   5.33486750000000      -0.226619984490349     
  2.000000000000000E-003   5.63113791666667      -0.217689085217019     
  2.000000000000000E-003   5.92740833333333      -0.211380994080053     
  2.000000000000000E-003   6.22367875000000      -0.207242128411181     
  2.000000000000000E-003   6.51994916666667      -0.203947233909437     
  2.000000000000000E-003   6.81621958333333      -0.197970502978082     
  2.000000000000000E-003   7.11249000000000      -0.187297730437788     
  0.298270416666667       2.000000000000000E-003 -0.451443969010403     
  0.298270416666667       0.298270416666667      -0.473352424723133     
  0.298270416666667       0.594540833333333      -0.492572529774770     
  0.298270416666667       0.890811250000000      -0.510693511889652     
  0.298270416666667        1.18708166666667      -0.517495635553931     
  0.298270416666667        1.48335208333333      -0.513407780136350     
  0.298270416666667        1.77962250000000      -0.500871219177336     
  0.298270416666667        2.07589291666667      -0.481808676114750     
  0.298270416666667        2.37216333333333      -0.459619753495782     
  0.298270416666667        2.66843375000000      -0.436421961277970     
  0.298270416666667        2.96470416666667      -0.410502058118878     
  0.298270416666667        3.26097458333333      -0.382527733494680     
  0.298270416666667        3.55724500000000      -0.354321230419384     
  0.298270416666667        3.85351541666667      -0.327561470479240     
  0.298270416666667        4.14978583333333      -0.303220593710495     
  0.298270416666667        4.44605625000000      -0.281586255243798     
  0.298270416666667        4.74232666666667      -0.262633832093933     
  0.298270416666667        5.03859708333333      -0.246413238501908     
  0.298270416666667        5.33486750000000      -0.233101778251358     
  0.298270416666667        5.63113791666667      -0.222689894446608     
  0.298270416666667        5.92740833333333      -0.214969577767693     
  0.298270416666667        6.22367875000000      -0.209293190505005     
  0.298270416666667        6.51994916666667      -0.204344316400373     
  0.298270416666667        6.81621958333333      -0.198691559519621     
  0.298270416666667        7.11249000000000      -0.192677309921488     
  0.594540833333333       2.000000000000000E-003 -0.460818872819295     
  0.594540833333333       0.298270416666667      -0.492572549350520     
  0.594540833333333       0.594540833333333      -0.525070442538600     
  0.594540833333333       0.890811250000000      -0.552384312346515     
  0.594540833333333        1.18708166666667      -0.565278172232310     
  0.594540833333333        1.48335208333333      -0.563743354663868     
  0.594540833333333        1.77962250000000      -0.550835252334977     
  0.594540833333333        2.07589291666667      -0.529061951211367     
  0.594540833333333        2.37216333333333      -0.503191034632170     
  0.594540833333333        2.66843375000000      -0.475565433077995     
  0.594540833333333        2.96470416666667      -0.444195220576547     
  0.594540833333333        3.26097458333333      -0.410508316865511     
  0.594540833333333        3.55724500000000      -0.377029885541780     
  0.594540833333333        3.85351541666667      -0.345817027651573     
  0.594540833333333        4.14978583333333      -0.317857392634673     
  0.594540833333333        4.44605625000000      -0.293268036728999     
  0.594540833333333        4.74232666666667      -0.271838339681350     
  0.594540833333333        5.03859708333333      -0.253459761141216     
  0.594540833333333        5.33486750000000      -0.238231678251756     
  0.594540833333333        5.63113791666667      -0.226065255926633     
  0.594540833333333        5.92740833333333      -0.216617882142220     
  0.594540833333333        6.22367875000000      -0.209224983343512     
  0.594540833333333        6.51994916666667      -0.203127133033359     
  0.594540833333333        6.81621958333333      -0.198092131998679     
  0.594540833333333        7.11249000000000      -0.192637633510456     
  0.890811250000000       2.000000000000000E-003 -0.466449550027532     
  0.890811250000000       0.298270416666667      -0.510693341253556     
  0.890811250000000       0.594540833333333      -0.552384191640690     
  0.890811250000000       0.890811250000000      -0.585601605212566     
  0.890811250000000        1.18708166666667      -0.603999506941400     
  0.890811250000000        1.48335208333333      -0.606518131987078     
  0.890811250000000        1.77962250000000      -0.594418448224230     
  0.890811250000000        2.07589291666667      -0.570822821235121     
  0.890811250000000        2.37216333333333      -0.543709218422462     
  0.890811250000000        2.66843375000000      -0.512171795654256     
  0.890811250000000        2.96470416666667      -0.475578906133488     
  0.890811250000000        3.26097458333333      -0.436441880239881     
  0.890811250000000        3.55724500000000      -0.397998758518318     
  0.890811250000000        3.85351541666667      -0.362611097714708     
  0.890811250000000        4.14978583333333      -0.331228185169791     
  0.890811250000000        4.44605625000000      -0.303780363771593     
  0.890811250000000        4.74232666666667      -0.279898644453691     
  0.890811250000000        5.03859708333333      -0.259381721110921     
  0.890811250000000        5.33486750000000      -0.242244837282408     
  0.890811250000000        5.63113791666667      -0.228404617598186     
  0.890811250000000        5.92740833333333      -0.217454794825484     
  0.890811250000000        6.22367875000000      -0.208817899709422     
  0.890811250000000        6.51994916666667      -0.201952411792569     
  0.890811250000000        6.81621958333333      -0.196297218970032     
  0.890811250000000        7.11249000000000      -0.190479214013082     
   1.18708166666667       2.000000000000000E-003 -0.467086452295488     
   1.18708166666667       0.298270416666667      -0.517495173591335     
   1.18708166666667       0.594540833333333      -0.565277768661979     
   1.18708166666667       0.890811250000000      -0.603999241832124     
   1.18708166666667        1.18708166666667      -0.628146791396183     
   1.18708166666667        1.48335208333333      -0.635279991527270     
   1.18708166666667        1.77962250000000      -0.625478539440578     
   1.18708166666667        2.07589291666667      -0.604072207291966     
   1.18708166666667        2.37216333333333      -0.577728509019817     
   1.18708166666667        2.66843375000000      -0.543753170981057     
   1.18708166666667        2.96470416666667      -0.503249930639983     
   1.18708166666667        3.26097458333333      -0.459680657628946     
   1.18708166666667        3.55724500000000      -0.416936082401884     
   1.18708166666667        3.85351541666667      -0.377772382252119     
   1.18708166666667        4.14978583333333      -0.343195443412117     
   1.18708166666667        4.44605625000000      -0.313002143342781     
   1.18708166666667        4.74232666666667      -0.286730995042100     
   1.18708166666667        5.03859708333333      -0.264175737351471     
   1.18708166666667        5.33486750000000      -0.245314314022788     
   1.18708166666667        5.63113791666667      -0.230044841492828     
   1.18708166666667        5.92740833333333      -0.217905679902636     
   1.18708166666667        6.22367875000000      -0.208265800118241     
   1.18708166666667        6.51994916666667      -0.200514408702459     
   1.18708166666667        6.81621958333333      -0.193995328480423     
   1.18708166666667        7.11249000000000      -0.187881582364988     
   1.48335208333333       2.000000000000000E-003 -0.461605115693893     
   1.48335208333333       0.298270416666667      -0.513406939098062     
   1.48335208333333       0.594540833333333      -0.563742556822299     
   1.48335208333333       0.890811250000000      -0.606517486454443     
   1.48335208333333        1.18708166666667      -0.635279625770592     
   1.48335208333333        1.48335208333333      -0.646375080880928     
   1.48335208333333        1.77962250000000      -0.641041744661665     
   1.48335208333333        2.07589291666667      -0.627324762624222     
   1.48335208333333        2.37216333333333      -0.604178009687779     
   1.48335208333333        2.66843375000000      -0.570990380275854     
   1.48335208333333        2.96470416666667      -0.529252893767789     
   1.48335208333333        3.26097458333333      -0.481950151463054     
   1.48335208333333        3.55724500000000      -0.435074765067786     
   1.48335208333333        3.85351541666667      -0.392012207379184     
   1.48335208333333        4.14978583333333      -0.354140895279126     
   1.48335208333333        4.44605625000000      -0.321049998343617     
   1.48335208333333        4.74232666666667      -0.292325258414861     
   1.48335208333333        5.03859708333333      -0.267813079974036     
   1.48335208333333        5.33486750000000      -0.247477333626284     
   1.48335208333333        5.63113791666667      -0.231065706077345     
   1.48335208333333        5.92740833333333      -0.217999014464611     
   1.48335208333333        6.22367875000000      -0.207514500730372     
   1.48335208333333        6.51994916666667      -0.198920308162331     
   1.48335208333333        6.81621958333333      -0.191657486799027     
   1.48335208333333        7.11249000000000      -0.185250071918705     
   1.77962250000000       2.000000000000000E-003 -0.450473271507822     
   1.77962250000000       0.298270416666667      -0.500869964274457     
   1.77962250000000       0.594540833333333      -0.550834030811867     
   1.77962250000000       0.890811250000000      -0.594417404221690     
   1.77962250000000        1.18708166666667      -0.625477806142229     
   1.77962250000000        1.48335208333333      -0.641041390326526     
   1.77962250000000        1.77962250000000      -0.646161906374186     
   1.77962250000000        2.07589291666667      -0.641208863882177     
   1.77962250000000        2.37216333333333      -0.625725833031843     
   1.77962250000000        2.66843375000000      -0.594727136165899     
   1.77962250000000        2.96470416666667      -0.551065111058937     
   1.77962250000000        3.26097458333333      -0.501052107984320     
   1.77962250000000        3.55724500000000      -0.450619808298292     
   1.77962250000000        3.85351541666667      -0.404289884941426     
   1.77962250000000        4.14978583333333      -0.363299114638245     
   1.77962250000000        4.44605625000000      -0.327576659757733     
   1.77962250000000        4.74232666666667      -0.296564055931094     
   1.77962250000000        5.03859708333333      -0.270195171174928     
   1.77962250000000        5.33486750000000      -0.248650504624379     
   1.77962250000000        5.63113791666667      -0.231429679981895     
   1.77962250000000        5.92740833333333      -0.217699693054119     
   1.77962250000000        6.22367875000000      -0.206558575270055     
   1.77962250000000        6.51994916666667      -0.197281168199229     
   1.77962250000000        6.81621958333333      -0.189430682106886     
   1.77962250000000        7.11249000000000      -0.182730053358781     
   2.07589291666667       2.000000000000000E-003 -0.434958393722523     
   2.07589291666667       0.298270416666667      -0.481807115465828     
   2.07589291666667       0.594540833333333      -0.529060428507925     
   2.07589291666667       0.890811250000000      -0.570821515541719     
   2.07589291666667        1.18708166666667      -0.604071215085762     
   2.07589291666667        1.48335208333333      -0.627324116842090     
   2.07589291666667        1.77962250000000      -0.641208554275107     
   2.07589291666667        2.07589291666667      -0.646714819163993     
   2.07589291666667        2.37216333333333      -0.635684136842733     
   2.07589291666667        2.66843375000000      -0.606942048286601     
   2.07589291666667        2.96470416666667      -0.564101131363620     
   2.07589291666667        3.26097458333333      -0.513656872942953     
   2.07589291666667        3.55724500000000      -0.461793448019591     
   2.07589291666667        3.85351541666667      -0.413103798363415     
   2.07589291666667        4.14978583333333      -0.369463294523742     
   2.07589291666667        4.44605625000000      -0.331344293850435     
   2.07589291666667        4.74232666666667      -0.298570270633285     
   2.07589291666667        5.03859708333333      -0.271038962778438     
   2.07589291666667        5.33486750000000      -0.248764351817523     
   2.07589291666667        5.63113791666667      -0.231118644674577     
   2.07589291666667        5.92740833333333      -0.216997165828765     
   2.07589291666667        6.22367875000000      -0.205393394217865     
   2.07589291666667        6.51994916666667      -0.195613129516548     
   2.07589291666667        6.81621958333333      -0.187326362019525     
   2.07589291666667        7.11249000000000      -0.180370728587234     
   2.37216333333333       2.000000000000000E-003 -0.416876245314143     
   2.37216333333333       0.298270416666667      -0.459618107364650     
   2.37216333333333       0.594540833333333      -0.503189410003507     
   2.37216333333333       0.890811250000000      -0.543707773042419     
   2.37216333333333        1.18708166666667      -0.577727344157632     
   2.37216333333333        1.48335208333333      -0.604177158415180     
   2.37216333333333        1.77962250000000      -0.625725274366641     
   2.37216333333333        2.07589291666667      -0.635683855973365     
   2.37216333333333        2.37216333333333      -0.628587398069832     
   2.37216333333333        2.66843375000000      -0.604462133232252     
   2.37216333333333        2.96470416666667      -0.565683965076287     
   2.37216333333333        3.26097458333333      -0.517826496612716     
   2.37216333333333        3.55724500000000      -0.467301274418475     
   2.37216333333333        3.85351541666667      -0.418012679095771     
   2.37216333333333        4.14978583333333      -0.372418774412866     
   2.37216333333333        4.44605625000000      -0.332417857619184     
   2.37216333333333        4.74232666666667      -0.298470182012237     
   2.37216333333333        5.03859708333333      -0.270348159904230     
   2.37216333333333        5.33486750000000      -0.247810098841945     
   2.37216333333333        5.63113791666667      -0.230183497960622     
   2.37216333333333        5.92740833333333      -0.215903827236420     
   2.37216333333333        6.22367875000000      -0.203996699258056     
   2.37216333333333        6.51994916666667      -0.193876146481400     
   2.37216333333333        6.81621958333333      -0.185304431040783     
   2.37216333333333        7.11249000000000      -0.178169885786001     
   2.66843375000000       2.000000000000000E-003 -0.397970190768952     
   2.66843375000000       0.298270416666667      -0.436420326319113     
   2.66843375000000       0.594540833333333      -0.475563799423325     
   2.66843375000000       0.890811250000000      -0.512170322457433     
   2.66843375000000        1.18708166666667      -0.543751954974582     
   2.66843375000000        1.48335208333333      -0.570989437568136     
   2.66843375000000        1.77962250000000      -0.594726420725982     
   2.66843375000000        2.07589291666667      -0.606941555643360     
   2.66843375000000        2.37216333333333      -0.604461892189722     
   2.66843375000000        2.66843375000000      -0.586053271023076     
   2.66843375000000        2.96470416666667      -0.552838800265503     
   2.66843375000000        3.26097458333333      -0.511057947248828     
   2.66843375000000        3.55724500000000      -0.466694381164805     
   2.66843375000000        3.85351541666667      -0.419346565664964     
   2.66843375000000        4.14978583333333      -0.372694761287230     
   2.66843375000000        4.44605625000000      -0.331757880037482     
   2.66843375000000        4.74232666666667      -0.297382978597293     
   2.66843375000000        5.03859708333333      -0.269067090217753     
   2.66843375000000        5.33486750000000      -0.246381771307566     
   2.66843375000000        5.63113791666667      -0.228703366564523     
   2.66843375000000        5.92740833333333      -0.214366985382437     
   2.66843375000000        6.22367875000000      -0.202241021828297     
   2.66843375000000        6.51994916666667      -0.191898721580413     
   2.66843375000000        6.81621958333333      -0.183189091053269     
   2.66843375000000        7.11249000000000      -0.175995425827264     
   2.96470416666667       2.000000000000000E-003 -0.377013944807543     
   2.96470416666667       0.298270416666667      -0.410500540475009     
   2.96470416666667       0.594540833333333      -0.444193695393739     
   2.96470416666667       0.890811250000000      -0.475577528157918     
   2.96470416666667        1.18708166666667      -0.503248787819358     
   2.96470416666667        1.48335208333333      -0.529251985014157     
   2.96470416666667        1.77962250000000      -0.551064365567855     
   2.96470416666667        2.07589291666667      -0.564100547753163     
   2.96470416666667        2.37216333333333      -0.565683585488380     
   2.96470416666667        2.66843375000000      -0.552838637756354     
   2.96470416666667        2.96470416666667      -0.525485172774035     
   2.96470416666667        3.26097458333333      -0.492985594148482     
   2.96470416666667        3.55724500000000      -0.461131365162583     
   2.96470416666667        3.85351541666667      -0.417667920507873     
   2.96470416666667        4.14978583333333      -0.371655785840616     
   2.96470416666667        4.44605625000000      -0.331249733908826     
   2.96470416666667        4.74232666666667      -0.296697445908935     
   2.96470416666667        5.03859708333333      -0.267952929791048     
   2.96470416666667        5.33486750000000      -0.244847695522942     
   2.96470416666667        5.63113791666667      -0.226704734592565     
   2.96470416666667        5.92740833333333      -0.212171790908348     
   2.96470416666667        6.22367875000000      -0.199855876249764     
   2.96470416666667        6.51994916666667      -0.189407192893246     
   2.96470416666667        6.81621958333333      -0.180700202949045     
   2.96470416666667        7.11249000000000      -0.173553017797624     
   3.26097458333333       2.000000000000000E-003 -0.354312130364095     
   3.26097458333333       0.298270416666667      -0.382526403228923     
   3.26097458333333       0.594540833333333      -0.410506978184085     
   3.26097458333333       0.890811250000000      -0.436440678049513     
   3.26097458333333        1.18708166666667      -0.459679672638332     
   3.26097458333333        1.48335208333333      -0.481949376610168     
   3.26097458333333        1.77962250000000      -0.501051452706553     
   3.26097458333333        2.07589291666667      -0.513656328000090     
   3.26097458333333        2.37216333333333      -0.517826100883299     
   3.26097458333333        2.66843375000000      -0.511057713195709     
   3.26097458333333        2.96470416666667      -0.492985487902825     
   3.26097458333333        3.26097458333333      -0.473926511915799     
   3.26097458333333        3.55724500000000      -0.451729742424110     
   3.26097458333333        3.85351541666667      -0.412135617056059     
   3.26097458333333        4.14978583333333      -0.372766993545220     
   3.26097458333333        4.44605625000000      -0.332743519387950     
   3.26097458333333        4.74232666666667      -0.296511971090693     
   3.26097458333333        5.03859708333333      -0.266390163868680     
   3.26097458333333        5.33486750000000      -0.242490302837322     
   3.26097458333333        5.63113791666667      -0.223809925568436     
   3.26097458333333        5.92740833333333      -0.208903516077917     
   3.26097458333333        6.22367875000000      -0.196488230620882     
   3.26097458333333        6.51994916666667      -0.186114780630287     
   3.26097458333333        6.81621958333333      -0.177598288618750     
   3.26097458333333        7.11249000000000      -0.170633537631270     
   3.55724500000000       2.000000000000000E-003 -0.331102421633306     
   3.55724500000000       0.298270416666667      -0.354320099187615     
   3.55724500000000       0.594540833333333      -0.377028748921052     
   3.55724500000000       0.890811250000000      -0.397997748591995     
   3.55724500000000        1.18708166666667      -0.416935276107314     
   3.55724500000000        1.48335208333333      -0.435074164986365     
   3.55724500000000        1.77962250000000      -0.450619309428281     
   3.55724500000000        2.07589291666667      -0.461793023440383     
   3.55724500000000        2.37216333333333      -0.467300938163865     
   3.55724500000000        2.66843375000000      -0.466694102096909     
   3.55724500000000        2.96470416666667      -0.461131071530302     
   3.55724500000000        3.26097458333333      -0.451729527323731     
   3.55724500000000        3.55724500000000      -0.424002054948989     
   3.55724500000000        3.85351541666667      -0.410776574214387     
   3.55724500000000        4.14978583333333      -0.376384145762230     
   3.55724500000000        4.44605625000000      -0.332456687992882     
   3.55724500000000        4.74232666666667      -0.293268124255139     
   3.55724500000000        5.03859708333333      -0.261856615223645     
   3.55724500000000        5.33486750000000      -0.237623093792958     
   3.55724500000000        5.63113791666667      -0.218929036097788     
   3.55724500000000        5.92740833333333      -0.204051576986171     
   3.55724500000000        6.22367875000000      -0.191851476412991     
   3.55724500000000        6.51994916666667      -0.181851339433551     
   3.55724500000000        6.81621958333333      -0.173770840331098     
   3.55724500000000        7.11249000000000      -0.167154674376103     
   3.85351541666667       2.000000000000000E-003 -0.308657008300111     
   3.85351541666667       0.298270416666667      -0.327560510376464     
   3.85351541666667       0.594540833333333      -0.345816064136861     
   3.85351541666667       0.890811250000000      -0.362610248596311     
   3.85351541666667        1.18708166666667      -0.377771721066167     
   3.85351541666667        1.48335208333333      -0.392011754523852     
   3.85351541666667        1.77962250000000      -0.404289537305760     
   3.85351541666667        2.07589291666667      -0.413103504523569     
   3.85351541666667        2.37216333333333      -0.418012427787720     
   3.85351541666667        2.66843375000000      -0.419346297505045     
   3.85351541666667        2.96470416666667      -0.417667555373887     
   3.85351541666667        3.26097458333333      -0.412135370095240     
   3.85351541666667        3.55724500000000      -0.410776602635267     
   3.85351541666667        3.85351541666667      -0.399542681516182     
   3.85351541666667        4.14978583333333      -0.363513820935135     
   3.85351541666667        4.44605625000000      -0.320096604836664     
   3.85351541666667        4.74232666666667      -0.281849922364834     
   3.85351541666667        5.03859708333333      -0.251703166486163     
   3.85351541666667        5.33486750000000      -0.228817052368143     
   3.85351541666667        5.63113791666667      -0.211327741701479     
   3.85351541666667        5.92740833333333      -0.197371019864061     
   3.85351541666667        6.22367875000000      -0.185925333782075     
   3.85351541666667        6.51994916666667      -0.176685182729633     
   3.85351541666667        6.81621958333333      -0.169304265093850     
   3.85351541666667        7.11249000000000      -0.163193555038241     
   4.14978583333333       2.000000000000000E-003 -0.287851398132556     
   4.14978583333333       0.298270416666667      -0.303219773683843     
   4.14978583333333       0.594540833333333      -0.317856567797562     
   4.14978583333333       0.890811250000000      -0.331227457116522     
   4.14978583333333        1.18708166666667      -0.343194878857433     
   4.14978583333333        1.48335208333333      -0.354140529875381     
   4.14978583333333        1.77962250000000      -0.363298866625397     
   4.14978583333333        2.07589291666667      -0.369463095306553     
   4.14978583333333        2.37216333333333      -0.372418603135529     
   4.14978583333333        2.66843375000000      -0.372694586130761     
   4.14978583333333        2.96470416666667      -0.371655591941218     
   4.14978583333333        3.26097458333333      -0.372766900472241     
   4.14978583333333        3.55724500000000      -0.376384157015592     
   4.14978583333333        3.85351541666667      -0.363513773050981     
   4.14978583333333        4.14978583333333      -0.331619884264495     
   4.14978583333333        4.44605625000000      -0.294904836263735     
   4.14978583333333        4.74232666666667      -0.262154388905668     
   4.14978583333333        5.03859708333333      -0.236143870617359     
   4.14978583333333        5.33486750000000      -0.216420134862760     
   4.14978583333333        5.63113791666667      -0.201405381024575     
   4.14978583333333        5.92740833333333      -0.189237199294308     
   4.14978583333333        6.22367875000000      -0.179081259405553     
   4.14978583333333        6.51994916666667      -0.170965354716989     
   4.14978583333333        6.81621958333333      -0.164495722827236     
   4.14978583333333        7.11249000000000      -0.158989672254255     
   4.44605625000000       2.000000000000000E-003 -0.269079682681665     
   4.44605625000000       0.298270416666667      -0.281585571111562     
   4.44605625000000       0.594540833333333      -0.293267343065984     
   4.44605625000000       0.890811250000000      -0.303779743411698     
   4.44605625000000        1.18708166666667      -0.313001652810608     
   4.44605625000000        1.48335208333333      -0.321049666777941     
   4.44605625000000        1.77962250000000      -0.327576461007711     
   4.44605625000000        2.07589291666667      -0.331344149075370     
   4.44605625000000        2.37216333333333      -0.332417742075436     
   4.44605625000000        2.66843375000000      -0.331757786445762     
   4.44605625000000        2.96470416666667      -0.331249658275485     
   4.44605625000000        3.26097458333333      -0.332743459196457     
   4.44605625000000        3.55724500000000      -0.332456587111397     
   4.44605625000000        3.85351541666667      -0.320096434640896     
   4.44605625000000        4.14978583333333      -0.294904708784798     
   4.44605625000000        4.44605625000000      -0.265743849250265     
   4.44605625000000        4.74232666666667      -0.239423156249408     
   4.44605625000000        5.03859708333333      -0.218401133625771     
   4.44605625000000        5.33486750000000      -0.202612180607876     
   4.44605625000000        5.63113791666667      -0.190751737512750     
   4.44605625000000        5.92740833333333      -0.180549714713655     
   4.44605625000000        6.22367875000000      -0.171993506951211     
   4.44605625000000        6.51994916666667      -0.165220504669040     
   4.44605625000000        6.81621958333333      -0.159751160047556     
   4.44605625000000        7.11249000000000      -0.154857381991742     
   4.74232666666667       2.000000000000000E-003 -0.252480473235677     
   4.74232666666667       0.298270416666667      -0.262633313414271     
   4.74232666666667       0.594540833333333      -0.271837804024002     
   4.74232666666667       0.890811250000000      -0.279898153080574     
   4.74232666666667        1.18708166666667      -0.286730593591211     
   4.74232666666667        1.48335208333333      -0.292324969578843     
   4.74232666666667        1.77962250000000      -0.296563883197153     
   4.74232666666667        2.07589291666667      -0.298570159678933     
   4.74232666666667        2.37216333333333      -0.298470103555240     
   4.74232666666667        2.66843375000000      -0.297382927843647     
   4.74232666666667        2.96470416666667      -0.296697408392318     
   4.74232666666667        3.26097458333333      -0.296511904930693     
   4.74232666666667        3.55724500000000      -0.293267977665660     
   4.74232666666667        3.85351541666667      -0.281849702206570     
   4.74232666666667        4.14978583333333      -0.262154183591291     
   4.74232666666667        4.44605625000000      -0.239423044537027     
   4.74232666666667        4.74232666666667      -0.218643983294309     
   4.74232666666667        5.03859708333333      -0.202111490632058     
   4.74232666666667        5.33486750000000      -0.190043089216221     
   4.74232666666667        5.63113791666667      -0.180719888589772     
   4.74232666666667        5.92740833333333      -0.172265489419707     
   4.74232666666667        6.22367875000000      -0.165360756670466     
   4.74232666666667        6.51994916666667      -0.159950133428082     
   4.74232666666667        6.81621958333333      -0.155432838706623     
   4.74232666666667        7.11249000000000      -0.151084864886903     
   5.03859708333333       2.000000000000000E-003 -0.238245785420880     
   5.03859708333333       0.298270416666667      -0.246412933653807     
   5.03859708333333       0.594540833333333      -0.253459428953835     
   5.03859708333333       0.890811250000000      -0.259381396183282     
   5.03859708333333        1.18708166666667      -0.264175457170373     
   5.03859708333333        1.48335208333333      -0.267812868482487     
   5.03859708333333        1.77962250000000      -0.270195033581353     
   5.03859708333333        2.07589291666667      -0.271038886577300     
   5.03859708333333        2.37216333333333      -0.270348116177154     
   5.03859708333333        2.66843375000000      -0.269067068228856     
   5.03859708333333        2.96470416666667      -0.267952911475947     
   5.03859708333333        3.26097458333333      -0.266390109416292     
   5.03859708333333        3.55724500000000      -0.261856483935193     
   5.03859708333333        3.85351541666667      -0.251702960598552     
   5.03859708333333        4.14978583333333      -0.236143644802924     
   5.03859708333333        4.44605625000000      -0.218400951819223     
   5.03859708333333        4.74232666666667      -0.202111393391121     
   5.03859708333333        5.03859708333333      -0.189361238667565     
   5.03859708333333        5.33486750000000      -0.180119051229394     
   5.03859708333333        5.63113791666667      -0.171929462487491     
   5.03859708333333        5.92740833333333      -0.165007257312358     
   5.03859708333333        6.22367875000000      -0.159601523150594     
   5.03859708333333        6.51994916666667      -0.155407382284518     
   5.03859708333333        6.81621958333333      -0.151755262928230     
   5.03859708333333        7.11249000000000      -0.147902340526883     
   5.33486750000000       2.000000000000000E-003 -0.226619924913055     
   5.33486750000000       0.298270416666667      -0.233101691196742     
   5.33486750000000       0.594540833333333      -0.238231557690127     
   5.33486750000000       0.890811250000000      -0.242244692659801     
   5.33486750000000        1.18708166666667      -0.245314170162980     
   5.33486750000000        1.48335208333333      -0.247477219550292     
   5.33486750000000        1.77962250000000      -0.248650434221442     
   5.33486750000000        2.07589291666667      -0.248764319260444     
   5.33486750000000        2.37216333333333      -0.247810091034663     
   5.33486750000000        2.66843375000000      -0.246381772851561     
   5.33486750000000        2.96470416666667      -0.244847688988831     
   5.33486750000000        3.26097458333333      -0.242490258618611     
   5.33486750000000        3.55724500000000      -0.237622980886139     
   5.33486750000000        3.85351541666667      -0.228816864933121     
   5.33486750000000        4.14978583333333      -0.216419902979428     
   5.33486750000000        4.44605625000000      -0.202611955092569     
   5.33486750000000        4.74232666666667      -0.190042920398279     
   5.33486750000000        5.03859708333333      -0.180118969876128     
   5.33486750000000        5.33486750000000      -0.171658329119647     
   5.33486750000000        5.63113791666667      -0.164553679840152     
   5.33486750000000        5.92740833333333      -0.158917669507958     
   5.33486750000000        6.22367875000000      -0.154829909678338     
   5.33486750000000        6.51994916666667      -0.151791713654752     
   5.33486750000000        6.81621958333333      -0.148966265747254     
   5.33486750000000        7.11249000000000      -0.145624140777550     
   5.63113791666667       2.000000000000000E-003 -0.217689159145403     
   5.63113791666667       0.298270416666667      -0.222689956503214     
   5.63113791666667       0.594540833333333      -0.226065280963982     
   5.63113791666667       0.890811250000000      -0.228404598909069     
   5.63113791666667        1.18708166666667      -0.230044797359745     
   5.63113791666667        1.48335208333333      -0.231065671302097     
   5.63113791666667        1.77962250000000      -0.231429676739173     
   5.63113791666667        2.07589291666667      -0.231118666147392     
   5.63113791666667        2.37216333333333      -0.230183525389833     
   5.63113791666667        2.66843375000000      -0.228703382821523     
   5.63113791666667        2.96470416666667      -0.226704725606705     
   5.63113791666667        3.26097458333333      -0.223809871965741     
   5.63113791666667        3.55724500000000      -0.218928918561555     
   5.63113791666667        3.85351541666667      -0.211327555257900     
   5.63113791666667        4.14978583333333      -0.201405145695772     
   5.63113791666667        4.44605625000000      -0.190751498065984     
   5.63113791666667        4.74232666666667      -0.180719692083577     
   5.63113791666667        5.03859708333333      -0.171929341738812     
   5.63113791666667        5.33486750000000      -0.164553639549271     
   5.63113791666667        5.63113791666667      -0.158576345280762     
   5.63113791666667        5.92740833333333      -0.154221523598408     
   5.63113791666667        6.22367875000000      -0.151383950044203     
   5.63113791666667        6.51994916666667      -0.149421693724872     
   5.63113791666667        6.81621958333333      -0.147383441944411     
   5.63113791666667        7.11249000000000      -0.144509671421136     
   5.92740833333333       2.000000000000000E-003 -0.211381130100404     
   5.92740833333333       0.298270416666667      -0.214969699983033     
   5.92740833333333       0.594540833333333      -0.216617958771142     
   5.92740833333333       0.890811250000000      -0.217454818026381     
   5.92740833333333        1.18708166666667      -0.217905670080826     
   5.92740833333333        1.48335208333333      -0.217999012118033     
   5.92740833333333        1.77962250000000      -0.217699731032252     
   5.92740833333333        2.07589291666667      -0.216997232688481     
   5.92740833333333        2.37216333333333      -0.215903892173288     
   5.92740833333333        2.66843375000000      -0.214367022278707     
   5.92740833333333        2.96470416666667      -0.212171783158365     
   5.92740833333333        3.26097458333333      -0.208903454519059     
   5.92740833333333        3.55724500000000      -0.204051457778842     
   5.92740833333333        3.85351541666667      -0.197370847646597     
   5.92740833333333        4.14978583333333      -0.189236992289601     
   5.92740833333333        4.44605625000000      -0.180549504821601     
   5.92740833333333        4.74232666666667      -0.172265316034561     
   5.92740833333333        5.03859708333333      -0.165007157253789     
   5.92740833333333        5.33486750000000      -0.158917660824254     
   5.92740833333333        5.63113791666667      -0.154221551933569     
   5.92740833333333        5.92740833333333      -0.151135369004794     
   5.92740833333333        6.22367875000000      -0.149460860404483     
   5.92740833333333        6.51994916666667      -0.148507333873224     
   5.92740833333333        6.81621958333333      -0.147197119757070     
   5.92740833333333        7.11249000000000      -0.144669107690947     
   6.22367875000000       2.000000000000000E-003 -0.207242297705158     
   6.22367875000000       0.298270416666667      -0.209293309149422     
   6.22367875000000       0.594540833333333      -0.209225031073266     
   6.22367875000000       0.890811250000000      -0.208817895201103     
   6.22367875000000        1.18708166666667      -0.208265773956800     
   6.22367875000000        1.48335208333333      -0.207514495651004     
   6.22367875000000        1.77962250000000      -0.206558628084315     
   6.22367875000000        2.07589291666667      -0.205393494731392     
   6.22367875000000        2.37216333333333      -0.203996800666673     
   6.22367875000000        2.66843375000000      -0.202241090909342     
   6.22367875000000        2.96470416666667      -0.199855895685893     
   6.22367875000000        3.26097458333333      -0.196488197378523     
   6.22367875000000        3.55724500000000      -0.191851396361123     
   6.22367875000000        3.85351541666667      -0.185925217668318     
   6.22367875000000        4.14978583333333      -0.179081122962345     
   6.22367875000000        4.44605625000000      -0.171993373377802     
   6.22367875000000        4.74232666666667      -0.165360658701820     
   6.22367875000000        5.03859708333333      -0.159601503511087     
   6.22367875000000        5.33486750000000      -0.154829980754716     
   6.22367875000000        5.63113791666667      -0.151384044671307     
   6.22367875000000        5.92740833333333      -0.149460919443963     
   6.22367875000000        6.22367875000000      -0.148901602623155     
   6.22367875000000        6.51994916666667      -0.148985465341047     
   6.22367875000000        6.81621958333333      -0.148354824820395     
   6.22367875000000        7.11249000000000      -0.145939235705765     
   6.51994916666667       2.000000000000000E-003 -0.203947455213745     
   6.51994916666667       0.298270416666667      -0.204344401085020     
   6.51994916666667       0.594540833333333      -0.203127107551418     
   6.51994916666667       0.890811250000000      -0.201952352009003     
   6.51994916666667        1.18708166666667      -0.200514353773797     
   6.51994916666667        1.48335208333333      -0.198920295691446     
   6.51994916666667        1.77962250000000      -0.197281231985495     
   6.51994916666667        2.07589291666667      -0.195613261432908     
   6.51994916666667        2.37216333333333      -0.193876284626239     
   6.51994916666667        2.66843375000000      -0.191898831205171     
   6.51994916666667        2.96470416666667      -0.189407258013298     
   6.51994916666667        3.26097458333333      -0.186114802854846     
   6.51994916666667        3.55724500000000      -0.181851330266389     
   6.51994916666667        3.85351541666667      -0.176685155297904     
   6.51994916666667        4.14978583333333      -0.170965321042217     
   6.51994916666667        4.44605625000000      -0.165220479293978     
   6.51994916666667        4.74232666666667      -0.159950141750640     
   6.51994916666667        5.03859708333333      -0.155407471684905     
   6.51994916666667        5.33486750000000      -0.151791866439851     
   6.51994916666667        5.63113791666667      -0.149421848233367     
   6.51994916666667        5.92740833333333      -0.148507437083204     
   6.51994916666667        6.22367875000000      -0.148985490750864     
   6.51994916666667        6.51994916666667      -0.150163096762194     
   6.51994916666667        6.81621958333333      -0.150294912354857     
   6.51994916666667        7.11249000000000      -0.147756922242127     
   6.81621958333333       2.000000000000000E-003 -0.197970717886950     
   6.81621958333333       0.298270416666667      -0.198691564051777     
   6.81621958333333       0.594540833333333      -0.198092030580492     
   6.81621958333333       0.890811250000000      -0.196297124802257     
   6.81621958333333        1.18708166666667      -0.193995267032144     
   6.81621958333333        1.48335208333333      -0.191657484071247     
   6.81621958333333        1.77962250000000      -0.189430766593371     
   6.81621958333333        2.07589291666667      -0.187326523527658     
   6.81621958333333        2.37216333333333      -0.185304602934274     
   6.81621958333333        2.66843375000000      -0.183189240336522     
   6.81621958333333        2.96470416666667      -0.180700317418357     
   6.81621958333333        3.26097458333333      -0.177598373542744     
   6.81621958333333        3.55724500000000      -0.173770910109264     
   6.81621958333333        3.85351541666667      -0.169304332662771     
   6.81621958333333        4.14978583333333      -0.164495795488816     
   6.81621958333333        4.44605625000000      -0.159751243460032     
   6.81621958333333        4.74232666666667      -0.155432948829426     
   6.81621958333333        5.03859708333333      -0.151755435811249     
   6.81621958333333        5.33486750000000      -0.148966468892669     
   6.81621958333333        5.63113791666667      -0.147383622338914     
   6.81621958333333        5.92740833333333      -0.147197227656159     
   6.81621958333333        6.22367875000000      -0.148354815247368     
   6.81621958333333        6.51994916666667      -0.150294805830680     
   6.81621958333333        6.81621958333333      -0.151025472927467     
   6.81621958333333        7.11249000000000      -0.148202051065960     
   7.11249000000000       2.000000000000000E-003 -0.187297756341052     
   7.11249000000000       0.298270416666667      -0.192677222885850     
   7.11249000000000       0.594540833333333      -0.192637519178926     
   7.11249000000000       0.890811250000000      -0.190479130922822     
   7.11249000000000        1.18708166666667      -0.187881540309789     
   7.11249000000000        1.48335208333333      -0.185250092576064     
   7.11249000000000        1.77962250000000      -0.182730161473277     
   7.11249000000000        2.07589291666667      -0.180370912796303     
   7.11249000000000        2.37216333333333      -0.178170077234573     
   7.11249000000000        2.66843375000000      -0.175995599373750     
   7.11249000000000        2.96470416666667      -0.173553166063325     
   7.11249000000000        3.26097458333333      -0.170633668523874     
   7.11249000000000        3.55724500000000      -0.167154803433593     
   7.11249000000000        3.85351541666667      -0.163193693936085     
   7.11249000000000        4.14978583333333      -0.158989823849210     
   7.11249000000000        4.44605625000000      -0.154857543923924     
   7.11249000000000        4.74232666666667      -0.151085042043833     
   7.11249000000000        5.03859708333333      -0.147902553207483     
   7.11249000000000        5.33486750000000      -0.145624351401232     
   7.11249000000000        5.63113791666667      -0.144509842644029     
   7.11249000000000        5.92740833333333      -0.144669202336933     
   7.11249000000000        6.22367875000000      -0.145939207726794     
   7.11249000000000        6.51994916666667      -0.147756753782043     
   7.11249000000000        6.81621958333333      -0.148201893362173     
   7.11249000000000        7.11249000000000      -0.144445317428471     
