  2.000000000000000E-003  2.000000000000000E-003 -0.290165691448385     
  2.000000000000000E-003  0.298270416666667      -0.291326170982657     
  2.000000000000000E-003  0.594540833333333      -0.282412235963617     
  2.000000000000000E-003  0.890811250000000      -0.269440923237091     
  2.000000000000000E-003   1.18708166666667      -0.255996223569128     
  2.000000000000000E-003   1.48335208333333      -0.243229056704758     
  2.000000000000000E-003   1.77962250000000      -0.231571958342757     
  2.000000000000000E-003   2.07589291666667      -0.221128137195269     
  2.000000000000000E-003   2.37216333333333      -0.211834827939924     
  2.000000000000000E-003   2.66843375000000      -0.203520267650917     
  2.000000000000000E-003   2.96470416666667      -0.195908763248281     
  2.000000000000000E-003   3.26097458333333      -0.188725885897663     
  2.000000000000000E-003   3.55724500000000      -0.181750114881377     
  2.000000000000000E-003   3.85351541666667      -0.174890191233132     
  2.000000000000000E-003   4.14978583333333      -0.168230520689937     
  2.000000000000000E-003   4.44605625000000      -0.161984092038334     
  2.000000000000000E-003   4.74232666666667      -0.156400817150236     
  2.000000000000000E-003   5.03859708333333      -0.151692548823276     
  2.000000000000000E-003   5.33486750000000      -0.148020048738983     
  2.000000000000000E-003   5.63113791666667      -0.145431184402731     
  2.000000000000000E-003   5.92740833333333      -0.143879687740356     
  2.000000000000000E-003   6.22367875000000      -0.143151809012866     
  2.000000000000000E-003   6.51994916666667      -0.142656237984802     
  2.000000000000000E-003   6.81621958333333      -0.140679634220913     
  2.000000000000000E-003   7.11249000000000      -0.135581549103304     
  0.298270416666667       2.000000000000000E-003 -0.315195629439819     
  0.298270416666667       0.298270416666667      -0.308504184409326     
  0.298270416666667       0.594540833333333      -0.298440098841980     
  0.298270416666667       0.890811250000000      -0.286002781648996     
  0.298270416666667        1.18708166666667      -0.272162799676092     
  0.298270416666667        1.48335208333333      -0.258395207595510     
  0.298270416666667        1.77962250000000      -0.245487988817123     
  0.298270416666667        2.07589291666667      -0.233710632599007     
  0.298270416666667        2.37216333333333      -0.223100916379465     
  0.298270416666667        2.66843375000000      -0.213579585846274     
  0.298270416666667        2.96470416666667      -0.204852440942630     
  0.298270416666667        3.26097458333333      -0.196638974314806     
  0.298270416666667        3.55724500000000      -0.188725150555919     
  0.298270416666667        3.85351541666667      -0.181028252120505     
  0.298270416666667        4.14978583333333      -0.173629070361587     
  0.298270416666667        4.44605625000000      -0.166727516157644     
  0.298270416666667        4.74232666666667      -0.160557959961005     
  0.298270416666667        5.03859708333333      -0.155317021023316     
  0.298270416666667        5.33486750000000      -0.151137107030408     
  0.298270416666667        5.63113791666667      -0.148044600321071     
  0.298270416666667        5.92740833333333      -0.145956650815498     
  0.298270416666667        6.22367875000000      -0.144594928559383     
  0.298270416666667        6.51994916666667      -0.143310364459610     
  0.298270416666667        6.81621958333333      -0.141107731632104     
  0.298270416666667        7.11249000000000      -0.138269319367542     
  0.594540833333333       2.000000000000000E-003 -0.334185655456813     
  0.594540833333333       0.298270416666667      -0.327426133717400     
  0.594540833333333       0.594540833333333      -0.315567399999646     
  0.594540833333333       0.890811250000000      -0.302643432443684     
  0.594540833333333        1.18708166666667      -0.288468481333267     
  0.594540833333333        1.48335208333333      -0.273914510774358     
  0.594540833333333        1.77962250000000      -0.259878406096033     
  0.594540833333333        2.07589291666667      -0.246812501212705     
  0.594540833333333        2.37216333333333      -0.234906060261857     
  0.594540833333333        2.66843375000000      -0.224123934364811     
  0.594540833333333        2.96470416666667      -0.214193956435729     
  0.594540833333333        3.26097458333333      -0.204853526986564     
  0.594540833333333        3.55724500000000      -0.195908786586039     
  0.594540833333333        3.85351541666667      -0.187294301357243     
  0.594540833333333        4.14978583333333      -0.179090074938708     
  0.594540833333333        4.44605625000000      -0.171478039023641     
  0.594540833333333        4.74232666666667      -0.164665886459752     
  0.594540833333333        5.03859708333333      -0.158815262154464     
  0.594540833333333        5.33486750000000      -0.154024938957371     
  0.594540833333333        5.63113791666667      -0.150274799645305     
  0.594540833333333        5.92740833333333      -0.147437875124226     
  0.594540833333333        6.22367875000000      -0.145204940554524     
  0.594540833333333        6.51994916666667      -0.143069584130042     
  0.594540833333333        6.81621958333333      -0.140704256670542     
  0.594540833333333        7.11249000000000      -0.138106269319536     
  0.890811250000000       2.000000000000000E-003 -0.353549276017610     
  0.890811250000000       0.298270416666667      -0.348314715200976     
  0.890811250000000       0.594540833333333      -0.336435418880183     
  0.890811250000000       0.890811250000000      -0.322083300431284     
  0.890811250000000        1.18708166666667      -0.306556564855461     
  0.890811250000000        1.48335208333333      -0.290667041058910     
  0.890811250000000        1.77962250000000      -0.275206629634202     
  0.890811250000000        2.07589291666667      -0.260709264942594     
  0.890811250000000        2.37216333333333      -0.247448496188924     
  0.890811250000000        2.66843375000000      -0.235333640340773     
  0.890811250000000        2.96470416666667      -0.224128660162211     
  0.890811250000000        3.26097458333333      -0.213584842108497     
  0.890811250000000        3.55724500000000      -0.203523487054857     
  0.890811250000000        3.85351541666667      -0.193900229908997     
  0.890811250000000        4.14978583333333      -0.184806017659517     
  0.890811250000000        4.44605625000000      -0.176410205759697     
  0.890811250000000        4.74232666666667      -0.168888373769730     
  0.890811250000000        5.03859708333333      -0.162366452516206     
  0.890811250000000        5.33486750000000      -0.156898228561188     
  0.890811250000000        5.63113791666667      -0.152445727887791     
  0.890811250000000        5.92740833333333      -0.148871437032982     
  0.890811250000000        6.22367875000000      -0.145918161529337     
  0.890811250000000        6.51994916666667      -0.143246538262590     
  0.890811250000000        6.81621958333333      -0.140569970175907     
  0.890811250000000        7.11249000000000      -0.137532991846550     
   1.18708166666667       2.000000000000000E-003 -0.376293416435754     
   1.18708166666667       0.298270416666667      -0.371812469843802     
   1.18708166666667       0.594540833333333      -0.360207441271607     
   1.18708166666667       0.890811250000000      -0.344617967804535     
   1.18708166666667        1.18708166666667      -0.327211805913611     
   1.18708166666667        1.48335208333333      -0.309334715059802     
   1.18708166666667        1.77962250000000      -0.291978568876255     
   1.18708166666667        2.07589291666667      -0.275806433954528     
   1.18708166666667        2.37216333333333      -0.261008281341915     
   1.18708166666667        2.66843375000000      -0.247458280872349     
   1.18708166666667        2.96470416666667      -0.234920202801578     
   1.18708166666667        3.26097458333333      -0.223114288231738     
   1.18708166666667        3.55724500000000      -0.211844032836196     
   1.18708166666667        3.85351541666667      -0.201089762054700     
   1.18708166666667        4.14978583333333      -0.190984992699549     
   1.18708166666667        4.44605625000000      -0.181708418536454     
   1.18708166666667        4.74232666666667      -0.173401599381658     
   1.18708166666667        5.03859708333333      -0.166147701078847     
   1.18708166666667        5.33486750000000      -0.159969522845396     
   1.18708166666667        5.63113791666667      -0.154833805012919     
   1.18708166666667        5.92740833333333      -0.150613084804511     
   1.18708166666667        6.22367875000000      -0.147090138180844     
   1.18708166666667        6.51994916666667      -0.143964784639788     
   1.18708166666667        6.81621958333333      -0.140881857801040     
   1.18708166666667        7.11249000000000      -0.137437367795522     
   1.48335208333333       2.000000000000000E-003 -0.403345816562278     
   1.48335208333333       0.298270416666667      -0.399036758610972     
   1.48335208333333       0.594540833333333      -0.387144350078586     
   1.48335208333333       0.890811250000000      -0.370206272183795     
   1.48335208333333        1.18708166666667      -0.350568273040672     
   1.48335208333333        1.48335208333333      -0.330198220731416     
   1.48335208333333        1.77962250000000      -0.310559796128206     
   1.48335208333333        2.07589291666667      -0.292398562380691     
   1.48335208333333        2.37216333333333      -0.275821325567847     
   1.48335208333333        2.66843375000000      -0.260734429874304     
   1.48335208333333        2.96470416666667      -0.246841224178234     
   1.48335208333333        3.26097458333333      -0.233736358269856     
   1.48335208333333        3.55724500000000      -0.221145963790980     
   1.48335208333333        3.85351541666667      -0.209072354680970     
   1.48335208333333        4.14978583333333      -0.197753004879428     
   1.48335208333333        4.44605625000000      -0.187468644136175     
   1.48335208333333        4.74232666666667      -0.178303465564063     
   1.48335208333333        5.03859708333333      -0.170269782833419     
   1.48335208333333        5.33486750000000      -0.163367203412495     
   1.48335208333333        5.63113791666667      -0.157571797764854     
   1.48335208333333        5.92740833333333      -0.152779077160011     
   1.48335208333333        6.22367875000000      -0.148781688798611     
   1.48335208333333        6.51994916666667      -0.145252647615672     
   1.48335208333333        6.81621958333333      -0.141795673543685     
   1.48335208333333        7.11249000000000      -0.138026483324733     
   1.77962250000000       2.000000000000000E-003 -0.434926388735748     
   1.77962250000000       0.298270416666667      -0.430457870609774     
   1.77962250000000       0.594540833333333      -0.417607874836376     
   1.77962250000000       0.890811250000000      -0.398730112474806     
   1.77962250000000        1.18708166666667      -0.376462022799844     
   1.77962250000000        1.48335208333333      -0.353301729477872     
   1.77962250000000        1.77962250000000      -0.331102421633302     
   1.77962250000000        2.07589291666667      -0.310578793452200     
   1.77962250000000        2.37216333333333      -0.292012878930104     
   1.77962250000000        2.66843375000000      -0.275250158961355     
   1.77962250000000        2.96470416666667      -0.259924195611246     
   1.77962250000000        3.26097458333333      -0.245528177495193     
   1.77962250000000        3.55724500000000      -0.231601039542012     
   1.77962250000000        3.85351541666667      -0.218089644895789     
   1.77962250000000        4.14978583333333      -0.205336152704908     
   1.77962250000000        4.44605625000000      -0.193767777321973     
   1.77962250000000        4.74232666666667      -0.183580902045002     
   1.77962250000000        5.03859708333333      -0.174733810197524     
   1.77962250000000        5.33486750000000      -0.167096785685739     
   1.77962250000000        5.63113791666667      -0.160660334497142     
   1.77962250000000        5.92740833333333      -0.155357206396779     
   1.77962250000000        6.22367875000000      -0.150971035287040     
   1.77962250000000        6.51994916666667      -0.147131687774468     
   1.77962250000000        6.81621958333333      -0.143399419953655     
   1.77962250000000        7.11249000000000      -0.139386124290153     
   2.07589291666667       2.000000000000000E-003 -0.470522689464105     
   2.07589291666667       0.298270416666667      -0.465406323185814     
   2.07589291666667       0.594540833333333      -0.451165349686403     
   2.07589291666667       0.890811250000000      -0.429822216737670     
   2.07589291666667        1.18708166666667      -0.404741336096719     
   2.07589291666667        1.48335208333333      -0.378553097078974     
   2.07589291666667        1.77962250000000      -0.353323744488872     
   2.07589291666667        2.07589291666667      -0.330240575901899     
   2.07589291666667        2.37216333333333      -0.309389351109928     
   2.07589291666667        2.66843375000000      -0.290730136577820     
   2.07589291666667        2.96470416666667      -0.273980343795843     
   2.07589291666667        3.26097458333333      -0.258453490910228     
   2.07589291666667        3.55724500000000      -0.243272805927523     
   2.07589291666667        3.85351541666667      -0.228170593899277     
   2.07589291666667        4.14978583333333      -0.213737462301906     
   2.07589291666667        4.44605625000000      -0.200684594651698     
   2.07589291666667        4.74232666666667      -0.189271981238066     
   2.07589291666667        5.03859708333333      -0.179450326530903     
   2.07589291666667        5.33486750000000      -0.171069135290503     
   2.07589291666667        5.63113791666667      -0.164032078262842     
   2.07589291666667        5.92740833333333      -0.158273566148777     
   2.07589291666667        6.22367875000000      -0.153576359763952     
   2.07589291666667        6.51994916666667      -0.149537265625701     
   2.07589291666667        6.81621958333333      -0.145639157921704     
   2.07589291666667        7.11249000000000      -0.141471803768483     
   2.37216333333333       2.000000000000000E-003 -0.509125796320825     
   2.37216333333333       0.298270416666667      -0.503518525574762     
   2.37216333333333       0.594540833333333      -0.487521944392883     
   2.37216333333333       0.890811250000000      -0.463502901550140     
   2.37216333333333        1.18708166666667      -0.434744929328773     
   2.37216333333333        1.48335208333333      -0.404761483309676     
   2.37216333333333        1.77962250000000      -0.376505522067492     
   2.37216333333333        2.07589291666667      -0.350633381084873     
   2.37216333333333        2.37216333333333      -0.327285558493625     
   2.37216333333333        2.66843375000000      -0.306637466983090     
   2.37216333333333        2.96470416666667      -0.288552926539186     
   2.37216333333333        3.26097458333333      -0.272244821215578     
   2.37216333333333        3.55724500000000      -0.256055562028876     
   2.37216333333333        3.85351541666667      -0.239155222878413     
   2.37216333333333        4.14978583333333      -0.222732589838487     
   2.37216333333333        4.44605625000000      -0.208022084707692     
   2.37216333333333        4.74232666666667      -0.195225550947609     
   2.37216333333333        5.03859708333333      -0.184260415156277     
   2.37216333333333        5.33486750000000      -0.175071820299144     
   2.37216333333333        5.63113791666667      -0.167505341055484     
   2.37216333333333        5.92740833333333      -0.161396640324087     
   2.37216333333333        6.22367875000000      -0.156494773425607     
   2.37216333333333        6.51994916666667      -0.152346449215808     
   2.37216333333333        6.81621958333333      -0.148382517089884     
   2.37216333333333        7.11249000000000      -0.144122026961048     
   2.66843375000000       2.000000000000000E-003 -0.549483973142424     
   2.66843375000000       0.298270416666667      -0.543008169798893     
   2.66843375000000       0.594540833333333      -0.524460015531057     
   2.66843375000000       0.890811250000000      -0.496600969574285     
   2.66843375000000        1.18708166666667      -0.463515647665687     
   2.66843375000000        1.48335208333333      -0.429865300620621     
   2.66843375000000        1.77962250000000      -0.398803154585147     
   2.66843375000000        2.07589291666667      -0.370295755513419     
   2.66843375000000        2.37216333333333      -0.344712002492011     
   2.66843375000000        2.66843375000000      -0.322179007164114     
   2.66843375000000        2.96470416666667      -0.302744347028132     
   2.66843375000000        3.26097458333333      -0.286106450479351     
   2.66843375000000        3.55724500000000      -0.269514255085265     
   2.66843375000000        3.85351541666667      -0.250549419354996     
   2.66843375000000        4.14978583333333      -0.231992885063767     
   2.66843375000000        4.44605625000000      -0.215649852955939     
   2.66843375000000        4.74232666666667      -0.201280427829631     
   2.66843375000000        5.03859708333333      -0.188928596567556     
   2.66843375000000        5.33486750000000      -0.178791924096175     
   2.66843375000000        5.63113791666667      -0.170766514504581     
   2.66843375000000        5.92740833333333      -0.164438900946680     
   2.66843375000000        6.22367875000000      -0.159451559828901     
   2.66843375000000        6.51994916666667      -0.155304013008015     
   2.66843375000000        6.81621958333333      -0.151358741785218     
   2.66843375000000        7.11249000000000      -0.147063043278571     
   2.96470416666667       2.000000000000000E-003 -0.584616703050295     
   2.96470416666667       0.298270416666667      -0.577192640467412     
   2.96470416666667       0.594540833333333      -0.556020146454688     
   2.96470416666667       0.890811250000000      -0.524470575769360     
   2.96470416666667        1.18708166666667      -0.487547486886139     
   2.96470416666667        1.48335208333333      -0.451240087566355     
   2.96470416666667        1.77962250000000      -0.417684814545030     
   2.96470416666667        2.07589291666667      -0.387249623459495     
   2.96470416666667        2.37216333333333      -0.360318457167723     
   2.96470416666667        2.66843375000000      -0.336550656943726     
   2.96470416666667        2.96470416666667      -0.315676354467604     
   2.96470416666667        3.26097458333333      -0.298556086349612     
   2.96470416666667        3.55724500000000      -0.282496210057824     
   2.96470416666667        3.85351541666667      -0.261439412101019     
   2.96470416666667        4.14978583333333      -0.241528572454534     
   2.96470416666667        4.44605625000000      -0.223677398111438     
   2.96470416666667        4.74232666666667      -0.207246409195413     
   2.96470416666667        5.03859708333333      -0.193139691597875     
   2.96470416666667        5.33486750000000      -0.181907445020993     
   2.96470416666667        5.63113791666667      -0.173425263158323     
   2.96470416666667        5.92740833333333      -0.167014302253373     
   2.96470416666667        6.22367875000000      -0.162028990737582     
   2.96470416666667        6.51994916666667      -0.157938332242647     
   2.96470416666667        6.81621958333333      -0.154051626174135     
   2.96470416666667        7.11249000000000      -0.149750057231629     
   3.26097458333333       2.000000000000000E-003 -0.608585083374011     
   3.26097458333333       0.298270416666667      -0.600385540008012     
   3.26097458333333       0.594540833333333      -0.577216548561244     
   3.26097458333333       0.890811250000000      -0.543037744841704     
   3.26097458333333        1.18708166666667      -0.503559479573024     
   3.26097458333333        1.48335208333333      -0.465482426095164     
   3.26097458333333        1.77962250000000      -0.430534712258894     
   3.26097458333333        2.07589291666667      -0.399133523207089     
   3.26097458333333        2.37216333333333      -0.371933473080718     
   3.26097458333333        2.66843375000000      -0.348441554262149     
   3.26097458333333        2.96470416666667      -0.327549901389894     
   3.26097458333333        3.26097458333333      -0.308615038271664     
   3.26097458333333        3.55724500000000      -0.291375771210709     
   3.26097458333333        3.85351541666667      -0.271341549131351     
   3.26097458333333        4.14978583333333      -0.252194428823172     
   3.26097458333333        4.44605625000000      -0.231629413404157     
   3.26097458333333        4.74232666666667      -0.212299190002240     
   3.26097458333333        5.03859708333333      -0.196289642840674     
   3.26097458333333        5.33486750000000      -0.184042295829604     
   3.26097458333333        5.63113791666667      -0.175165166012027     
   3.26097458333333        5.92740833333333      -0.168741554575435     
   3.26097458333333        6.22367875000000      -0.163795800184201     
   3.26097458333333        6.51994916666667      -0.159769245537682     
   3.26097458333333        6.81621958333333      -0.155943087882097     
   3.26097458333333        7.11249000000000      -0.151649315356838     
   3.55724500000000       2.000000000000000E-003 -0.617169721720575     
   3.55724500000000       0.298270416666667      -0.608638235037246     
   3.55724500000000       0.594540833333333      -0.584685339144585     
   3.55724500000000       0.890811250000000      -0.549543521144633     
   3.55724500000000        1.18708166666667      -0.509180869717998     
   3.55724500000000        1.48335208333333      -0.470603008611788     
   3.55724500000000        1.77962250000000      -0.434996404602284     
   3.55724500000000        2.07589291666667      -0.403429100760438     
   3.55724500000000        2.37216333333333      -0.376380456632704     
   3.55724500000000        2.66843375000000      -0.353634981044487     
   3.55724500000000        2.96470416666667      -0.334269586540876     
   3.55724500000000        3.26097458333333      -0.315237034744176     
   3.55724500000000        3.55724500000000      -0.290202153364518     
   3.55724500000000        3.85351541666667      -0.278011853115257     
   3.55724500000000        4.14978583333333      -0.258978014975554     
   3.55724500000000        4.44605625000000      -0.235577755467567     
   3.55724500000000        4.74232666666667      -0.214439791784494     
   3.55724500000000        5.03859708333333      -0.197505468277588     
   3.55724500000000        5.33486750000000      -0.184821702552350     
   3.55724500000000        5.63113791666667      -0.175779443656017     
   3.55724500000000        5.92740833333333      -0.169352734923766     
   3.55724500000000        6.22367875000000      -0.164428692855188     
   3.55724500000000        6.51994916666667      -0.160430349651978     
   3.55724500000000        6.81621958333333      -0.156631569497577     
   3.55724500000000        7.11249000000000      -0.152344251205887     
   3.85351541666667       2.000000000000000E-003 -0.608586032454179     
   3.85351541666667       0.298270416666667      -0.600382332348314     
   3.85351541666667       0.594540833333333      -0.577209772526866     
   3.85351541666667       0.890811250000000      -0.543028087735535     
   3.85351541666667        1.18708166666667      -0.503547592341417     
   3.85351541666667        1.48335208333333      -0.465467925301270     
   3.85351541666667        1.77962250000000      -0.430516362766623     
   3.85351541666667        2.07589291666667      -0.399108524950516     
   3.85351541666667        2.37216333333333      -0.371896012202144     
   3.85351541666667        2.66843375000000      -0.348381646980250     
   3.85351541666667        2.96470416666667      -0.327459266448176     
   3.85351541666667        3.26097458333333      -0.308523433057140     
   3.85351541666667        3.55724500000000      -0.291360332250168     
   3.85351541666667        3.85351541666667      -0.271419197552199     
   3.85351541666667        4.14978583333333      -0.252290372377684     
   3.85351541666667        4.44605625000000      -0.231692967692283     
   3.85351541666667        4.74232666666667      -0.212335946513589     
   3.85351541666667        5.03859708333333      -0.196311883057291     
   3.85351541666667        5.33486750000000      -0.184057855843140     
   3.85351541666667        5.63113791666667      -0.175178329332128     
   3.85351541666667        5.92740833333333      -0.168754361957907     
   3.85351541666667        6.22367875000000      -0.163808757406582     
   3.85351541666667        6.51994916666667      -0.159782388753250     
   3.85351541666667        6.81621958333333      -0.155956146015719     
   3.85351541666667        7.11249000000000      -0.151661834099563     
   4.14978583333333       2.000000000000000E-003 -0.584618327606233     
   4.14978583333333       0.298270416666667      -0.577186634813434     
   4.14978583333333       0.594540833333333      -0.556007429555775     
   4.14978583333333       0.890811250000000      -0.524452651218744     
   4.14978583333333        1.18708166666667      -0.487525633676826     
   4.14978583333333        1.48335208333333      -0.451214104251860     
   4.14978583333333        1.77962250000000      -0.417653194632511     
   4.14978583333333        2.07589291666667      -0.387209208426733     
   4.14978583333333        2.37216333333333      -0.360263615714513     
   4.14978583333333        2.66843375000000      -0.336474902342090     
   4.14978583333333        2.96470416666667      -0.315581728043446     
   4.14978583333333        3.26097458333333      -0.298472127570350     
   4.14978583333333        3.55724500000000      -0.282470232801150     
   4.14978583333333        3.85351541666667      -0.261494464365436     
   4.14978583333333        4.14978583333333      -0.241621225451938     
   4.14978583333333        4.44605625000000      -0.223756118623527     
   4.14978583333333        4.74232666666667      -0.207300906018275     
   4.14978583333333        5.03859708333333      -0.193177218420727     
   4.14978583333333        5.33486750000000      -0.181936094428732     
   4.14978583333333        5.63113791666667      -0.173450606385945     
   4.14978583333333        5.92740833333333      -0.167039190379366     
   4.14978583333333        6.22367875000000      -0.162054180568614     
   4.14978583333333        6.51994916666667      -0.157963850425819     
   4.14978583333333        6.81621958333333      -0.154076915591904     
   4.14978583333333        7.11249000000000      -0.149774223438361     
   4.44605625000000       2.000000000000000E-003 -0.549486081157089     
   4.44605625000000       0.298270416666667      -0.542999895263264     
   4.44605625000000       0.594540833333333      -0.524442714068594     
   4.44605625000000       0.890811250000000      -0.496576824059938     
   4.44605625000000        1.18708166666667      -0.463486727839210     
   4.44605625000000        1.48335208333333      -0.429832353667693     
   4.44605625000000        1.77962250000000      -0.398765089700554     
   4.44605625000000        2.07589291666667      -0.370251025523650     
   4.44605625000000        2.37216333333333      -0.344658656666439     
   4.44605625000000        2.66843375000000      -0.322116932996539     
   4.44605625000000        2.96470416666667      -0.302680372620230     
   4.44605625000000        3.26097458333333      -0.286058212039967     
   4.44605625000000        3.55724500000000      -0.269503265132491     
   4.44605625000000        3.85351541666667      -0.250585954122548     
   4.44605625000000        4.14978583333333      -0.232059641527740     
   4.44605625000000        4.44605625000000      -0.215718581625033     
   4.44605625000000        4.74232666666667      -0.201337767866625     
   4.44605625000000        5.03859708333333      -0.188974430008176     
   4.44605625000000        5.33486750000000      -0.178830660170913     
   4.44605625000000        5.63113791666667      -0.170802587608037     
   4.44605625000000        5.92740833333333      -0.164474618373998     
   4.44605625000000        6.22367875000000      -0.159487760660146     
   4.44605625000000        6.51994916666667      -0.155340640741641     
   4.44605625000000        6.81621958333333      -0.151394915811675     
   4.44605625000000        7.11249000000000      -0.147097399446633     
   4.74232666666667       2.000000000000000E-003 -0.509128012034098     
   4.74232666666667       0.298270416666667      -0.503508243052716     
   4.74232666666667       0.594540833333333      -0.487501037650230     
   4.74232666666667       0.890811250000000      -0.463474415277617     
   4.74232666666667        1.18708166666667      -0.434711722556058     
   4.74232666666667        1.48335208333333      -0.404725360819970     
   4.74232666666667        1.77962250000000      -0.376466506300152     
   4.74232666666667        2.07589291666667      -0.350591432443348     
   4.74232666666667        2.37216333333333      -0.327241521867310     
   4.74232666666667        2.66843375000000      -0.306594247176394     
   4.74232666666667        2.96470416666667      -0.288516948144674     
   4.74232666666667        3.26097458333333      -0.272225442459440     
   4.74232666666667        3.55724500000000      -0.256061395731634     
   4.74232666666667        3.85351541666667      -0.239188840385198     
   4.74232666666667        4.14978583333333      -0.222786036287632     
   4.74232666666667        4.44605625000000      -0.208081804241009     
   4.74232666666667        4.74232666666667      -0.195282133908911     
   4.74232666666667        5.03859708333333      -0.184311255234421     
   4.74232666666667        5.33486750000000      -0.175118466847162     
   4.74232666666667        5.63113791666667      -0.167550390535060     
   4.74232666666667        5.92740833333333      -0.161441681787565     
   4.74232666666667        6.22367875000000      -0.156540585402942     
   4.74232666666667        6.51994916666667      -0.152392809551683     
   4.74232666666667        6.81621958333333      -0.148428133966477     
   4.74232666666667        7.11249000000000      -0.144164921825360     
   5.03859708333333       2.000000000000000E-003 -0.470524681367930     
   5.03859708333333       0.298270416666667      -0.465393316815341     
   5.03859708333333       0.594540833333333      -0.451140353577736     
   5.03859708333333       0.890811250000000      -0.429789838177795     
   5.03859708333333        1.18708166666667      -0.404705420368555     
   5.03859708333333        1.48335208333333      -0.378516127141309     
   5.03859708333333        1.77962250000000      -0.353286816177972     
   5.03859708333333        2.07589291666667      -0.330204176651650     
   5.03859708333333        2.37216333333333      -0.309355301507145     
   5.03859708333333        2.66843375000000      -0.290701838923996     
   5.03859708333333        2.96470416666667      -0.273962637497958     
   5.03859708333333        3.26097458333333      -0.258451431313935     
   5.03859708333333        3.55724500000000      -0.243289734089454     
   5.03859708333333        3.85351541666667      -0.228206234602180     
   5.03859708333333        4.14978583333333      -0.213787031747544     
   5.03859708333333        4.44605625000000      -0.200740848059116     
   5.03859708333333        4.74232666666667      -0.189328899299463     
   5.03859708333333        5.03859708333333      -0.179505215369975     
   5.03859708333333        5.33486750000000      -0.171122134364633     
   5.03859708333333        5.63113791666667      -0.164084376030568     
   5.03859708333333        5.92740833333333      -0.158326312779060     
   5.03859708333333        6.22367875000000      -0.153630289054456     
   5.03859708333333        6.51994916666667      -0.149592102959639     
   5.03859708333333        6.81621958333333      -0.145693066322626     
   5.03859708333333        7.11249000000000      -0.141521680703881     
   5.33486750000000       2.000000000000000E-003 -0.434927965228011     
   5.33486750000000       0.298270416666667      -0.430440811526458     
   5.33486750000000       0.594540833333333      -0.417577142503636     
   5.33486750000000       0.890811250000000      -0.398692562866036     
   5.33486750000000        1.18708166666667      -0.376423288908043     
   5.33486750000000        1.48335208333333      -0.353264895077516     
   5.33486750000000        1.77962250000000      -0.331068426440109     
   5.33486750000000        2.07589291666667      -0.310548328717534     
   5.33486750000000        2.37216333333333      -0.291987329482504     
   5.33486750000000        2.66843375000000      -0.275232302924817     
   5.33486750000000        2.96470416666667      -0.259917472264133     
   5.33486750000000        3.26097458333333      -0.245535640584165     
   5.33486750000000        3.55724500000000      -0.231624138770123     
   5.33486750000000        3.85351541666667      -0.218127451634540     
   5.33486750000000        4.14978583333333      -0.205385248773418     
   5.33486750000000        4.44605625000000      -0.193823522476287     
   5.33486750000000        4.74232666666667      -0.183639148040960     
   5.33486750000000        5.03859708333333      -0.174792194983381     
   5.33486750000000        5.33486750000000      -0.167154766850278     
   5.33486750000000        5.63113791666667      -0.160718172689819     
   5.33486750000000        5.92740833333333      -0.155415647748184     
   5.33486750000000        6.22367875000000      -0.151031369018838     
   5.33486750000000        6.51994916666667      -0.147194035340919     
   5.33486750000000        6.81621958333333      -0.143461029915233     
   5.33486750000000        7.11249000000000      -0.139441755775907     
   5.63113791666667       2.000000000000000E-003 -0.403346533171595     
   5.63113791666667       0.298270416666667      -0.399012365614215     
   5.63113791666667       0.594540833333333      -0.387104422247633     
   5.63113791666667       0.890811250000000      -0.370161886728727     
   5.63113791666667        1.18708166666667      -0.350526530385938     
   5.63113791666667        1.48335208333333      -0.330161895697081     
   5.63113791666667        1.77962250000000      -0.310529336394993     
   5.63113791666667        2.07589291666667      -0.292373747222520     
   5.63113791666667        2.37216333333333      -0.275802895831397     
   5.63113791666667        2.66843375000000      -0.260724195069640     
   5.63113791666667        2.96470416666667      -0.246841547373537     
   5.63113791666667        3.26097458333333      -0.233749330999864     
   5.63113791666667        3.55724500000000      -0.221172443168417     
   5.63113791666667        3.85351541666667      -0.209111455203826     
   5.63113791666667        4.14978583333333      -0.197802278313254     
   5.63113791666667        4.44605625000000      -0.187524696521729     
   5.63113791666667        4.74232666666667      -0.178363321001220     
   5.63113791666667        5.03859708333333      -0.170331277773778     
   5.63113791666667        5.33486750000000      -0.163429022978062     
   5.63113791666667        5.63113791666667      -0.157633309535779     
   5.63113791666667        5.92740833333333      -0.152841201091694     
   5.63113791666667        6.22367875000000      -0.148846562643829     
   5.63113791666667        6.51994916666667      -0.145321686133818     
   5.63113791666667        6.81621958333333      -0.141865430364453     
   5.63113791666667        7.11249000000000      -0.138087537874021     
   5.92740833333333       2.000000000000000E-003 -0.376293037072977     
   5.92740833333333       0.298270416666667      -0.371774764188012     
   5.92740833333333       0.594540833333333      -0.360152587849153     
   5.92740833333333       0.890811250000000      -0.344564705137834     
   5.92740833333333        1.18708166666667      -0.327167810960629     
   5.92740833333333        1.48335208333333      -0.309300654613493     
   5.92740833333333        1.77962250000000      -0.291952983628047     
   5.92740833333333        2.07589291666667      -0.275787978119523     
   5.92740833333333        2.37216333333333      -0.260996687055971     
   5.92740833333333        2.66843375000000      -0.247454618922453     
   5.92740833333333        2.96470416666667      -0.234926137818163     
   5.92740833333333        3.26097458333333      -0.223131333071508     
   5.92740833333333        3.55724500000000      -0.211872911152563     
   5.92740833333333        3.85351541666667      -0.201129962599240     
   5.92740833333333        4.14978583333333      -0.191034826786100     
   5.92740833333333        4.44605625000000      -0.181765475295130     
   5.92740833333333        4.74232666666667      -0.173463347690487     
   5.92740833333333        5.03859708333333      -0.166211923746310     
   5.92740833333333        5.33486750000000      -0.160034276017359     
   5.92740833333333        5.63113791666667      -0.154897811402755     
   5.92740833333333        5.92740833333333      -0.150676657508108     
   5.92740833333333        6.22367875000000      -0.147156240831394     
   5.92740833333333        6.51994916666667      -0.144038173729703     
   5.92740833333333        6.81621958333333      -0.140960779537938     
   5.92740833333333        7.11249000000000      -0.137504545480261     
   6.22367875000000       2.000000000000000E-003 -0.353547728531139     
   6.22367875000000       0.298270416666667      -0.348253831957436     
   6.22367875000000       0.594540833333333      -0.336359295686441     
   6.22367875000000       0.890811250000000      -0.322021041813328     
   6.22367875000000        1.18708166666667      -0.306513196162229     
   6.22367875000000        1.48335208333333      -0.290638604880071     
   6.22367875000000        1.77962250000000      -0.275188649888485     
   6.22367875000000        2.07589291666667      -0.260698943655769     
   6.22367875000000        2.37216333333333      -0.247444783047421     
   6.22367875000000        2.66843375000000      -0.235337038309127     
   6.22367875000000        2.96470416666667      -0.224140384009132     
   6.22367875000000        3.26097458333333      -0.213606160617774     
   6.22367875000000        3.55724500000000      -0.203555147991553     
   6.22367875000000        3.85351541666667      -0.193942082437868     
   6.22367875000000        4.14978583333333      -0.184856944886880     
   6.22367875000000        4.44605625000000      -0.176468394154081     
   6.22367875000000        4.74232666666667      -0.168951755167095     
   6.22367875000000        5.03859708333333      -0.162433019283654     
   6.22367875000000        5.33486750000000      -0.156965785554018     
   6.22367875000000        5.63113791666667      -0.152511888507213     
   6.22367875000000        5.92740833333333      -0.148934550086709     
   6.22367875000000        6.22367875000000      -0.145980163596495     
   6.22367875000000        6.51994916666667      -0.143317305395383     
   6.22367875000000        6.81621958333333      -0.140657400149488     
   6.22367875000000        7.11249000000000      -0.137607854021366     
   6.51994916666667       2.000000000000000E-003 -0.334183165414972     
   6.51994916666667       0.298270416666667      -0.327334097091217     
   6.51994916666667       0.594540833333333      -0.315472215921948     
   6.51994916666667       0.890811250000000      -0.302579104317554     
   6.51994916666667        1.18708166666667      -0.288432194026648     
   6.51994916666667        1.48335208333333      -0.273896552691063     
   6.51994916666667        1.77962250000000      -0.259871493051621     
   6.51994916666667        2.07589291666667      -0.246812679730505     
   6.51994916666667        2.37216333333333      -0.234911896254938     
   6.51994916666667        2.66843375000000      -0.224135609858731     
   6.51994916666667        2.96470416666667      -0.214212395615288     
   6.51994916666667        3.26097458333333      -0.204879834163739     
   6.51994916666667        3.55724500000000      -0.195943752276141     
   6.51994916666667        3.85351541666667      -0.187338074888291     
   6.51994916666667        4.14978583333333      -0.179142044196723     
   6.51994916666667        4.44605625000000      -0.171536979509015     
   6.51994916666667        4.74232666666667      -0.164730330655483     
   6.51994916666667        5.03859708333333      -0.158883792804163     
   6.51994916666667        5.33486750000000      -0.154095485536440     
   6.51994916666667        5.63113791666667      -0.150344189059078     
   6.51994916666667        5.92740833333333      -0.147501762939624     
   6.51994916666667        6.22367875000000      -0.145260220269387     
   6.51994916666667        6.51994916666667      -0.143125780006747     
   6.51994916666667        6.81621958333333      -0.140791863789208     
   6.51994916666667        7.11249000000000      -0.138192546838109     
   6.81621958333333       2.000000000000000E-003 -0.315193359558892     
   6.81621958333333       0.298270416666667      -0.308410858655678     
   6.81621958333333       0.594540833333333      -0.298355351633981     
   6.81621958333333       0.890811250000000      -0.285954060723444     
   6.81621958333333        1.18708166666667      -0.272143023394556     
   6.81621958333333        1.48335208333333      -0.258392825182471     
   6.81621958333333        1.77962250000000      -0.245495214727599     
   6.81621958333333        2.07589291666667      -0.233723409796123     
   6.81621958333333        2.37216333333333      -0.223117817380918     
   6.81621958333333        2.66843375000000      -0.213600799574849     
   6.81621958333333        2.96470416666667      -0.204878689978726     
   6.81621958333333        3.26097458333333      -0.196671150298296     
   6.81621958333333        3.55724500000000      -0.188764033397984     
   6.81621958333333        3.85351541666667      -0.181074229504307     
   6.81621958333333        4.14978583333333      -0.173681992108031     
   6.81621958333333        4.44605625000000      -0.166786749183242     
   6.81621958333333        4.74232666666667      -0.160622706699223     
   6.81621958333333        5.03859708333333      -0.155386657801882     
   6.81621958333333        5.33486750000000      -0.151210179226306     
   6.81621958333333        5.63113791666667      -0.148118316312216     
   6.81621958333333        5.92740833333333      -0.146026225895525     
   6.81621958333333        6.22367875000000      -0.144653520566481     
   6.81621958333333        6.51994916666667      -0.143357411140498     
   6.81621958333333        6.81621958333333      -0.141179649202960     
   6.81621958333333        7.11249000000000      -0.138369737372649     
   7.11249000000000       2.000000000000000E-003 -0.290164767018625     
   7.11249000000000       0.298270416666667      -0.291309089643518     
   7.11249000000000       0.594540833333333      -0.282385301514674     
   7.11249000000000       0.890811250000000      -0.269429410480161     
   7.11249000000000        1.18708166666667      -0.256001654808891     
   7.11249000000000        1.48335208333333      -0.243245635592456     
   7.11249000000000        1.77962250000000      -0.231594773746822     
   7.11249000000000        2.07589291666667      -0.221154372459246     
   7.11249000000000        2.37216333333333      -0.211863494115397     
   7.11249000000000        2.66843375000000      -0.203551755719011     
   7.11249000000000        2.96470416666667      -0.195943594184679     
   7.11249000000000        3.26097458333333      -0.188764694816844     
   7.11249000000000        3.55724500000000      -0.181793569101421     
   7.11249000000000        3.85351541666667      -0.174938801175669     
   7.11249000000000        4.14978583333333      -0.168284482659830     
   7.11249000000000        4.44605625000000      -0.162043280555445     
   7.11249000000000        4.74232666666667      -0.156464987133597     
   7.11249000000000        5.03859708333333      -0.151761664704694     
   7.11249000000000        5.33486750000000      -0.148093147688707     
   7.11249000000000        5.63113791666667      -0.145506248127982     
   7.11249000000000        5.92740833333333      -0.143953039849839     
   7.11249000000000        6.22367875000000      -0.143218441093859     
   7.11249000000000        6.51994916666667      -0.142716414926316     
   7.11249000000000        6.81621958333333      -0.140754907354997     
   7.11249000000000        7.11249000000000      -0.135676074341491     
