  2.000000000000000E-003  2.000000000000000E-003 -0.662559054655451     
  2.000000000000000E-003  0.298270416666667      -0.652701881911993     
  2.000000000000000E-003  0.594540833333333      -0.603027040016003     
  2.000000000000000E-003  0.890811250000000      -0.529426326798430     
  2.000000000000000E-003   1.18708166666667      -0.462306139447200     
  2.000000000000000E-003   1.48335208333333      -0.408784256572367     
  2.000000000000000E-003   1.77962250000000      -0.366917173622618     
  2.000000000000000E-003   2.07589291666667      -0.333624490281569     
  2.000000000000000E-003   2.37216333333333      -0.306356157241010     
  2.000000000000000E-003   2.66843375000000      -0.283533576182031     
  2.000000000000000E-003   2.96470416666667      -0.263981319112066     
  2.000000000000000E-003   3.26097458333333      -0.246850867223533     
  2.000000000000000E-003   3.55724500000000      -0.231571871193959     
  2.000000000000000E-003   3.85351541666667      -0.217834183708325     
  2.000000000000000E-003   4.14978583333333      -0.205556218872777     
  2.000000000000000E-003   4.44605625000000      -0.194788876077379     
  2.000000000000000E-003   4.74232666666667      -0.185623771432257     
  2.000000000000000E-003   5.03859708333333      -0.178165036745401     
  2.000000000000000E-003   5.33486750000000      -0.172642358663638     
  2.000000000000000E-003   5.63113791666667      -0.169220105982591     
  2.000000000000000E-003   5.92740833333333      -0.168000564158271     
  2.000000000000000E-003   6.22367875000000      -0.168831909570517     
  2.000000000000000E-003   6.51994916666667      -0.170474895805433     
  2.000000000000000E-003   6.81621958333333      -0.168952451078980     
  2.000000000000000E-003   7.11249000000000      -0.162735373181456     
  0.298270416666667       2.000000000000000E-003 -0.798669343754169     
  0.298270416666667       0.298270416666667      -0.708838187069655     
  0.298270416666667       0.594540833333333      -0.635613690907649     
  0.298270416666667       0.890811250000000      -0.564991666336995     
  0.298270416666667        1.18708166666667      -0.496362387535243     
  0.298270416666667        1.48335208333333      -0.438459082897324     
  0.298270416666667        1.77962250000000      -0.391729926664844     
  0.298270416666667        2.07589291666667      -0.353777752151166     
  0.298270416666667        2.37216333333333      -0.322349512686918     
  0.298270416666667        2.66843375000000      -0.296371693086057     
  0.298270416666667        2.96470416666667      -0.274355734571976     
  0.298270416666667        3.26097458333333      -0.255272217931564     
  0.298270416666667        3.55724500000000      -0.238464949414449     
  0.298270416666667        3.85351541666667      -0.223567362586806     
  0.298270416666667        4.14978583333333      -0.210436319041070     
  0.298270416666667        4.44605625000000      -0.199056978628848     
  0.298270416666667        4.74232666666667      -0.189463659552039     
  0.298270416666667        5.03859708333333      -0.181720212186286     
  0.298270416666667        5.33486750000000      -0.175980871884381     
  0.298270416666667        5.63113791666667      -0.172367935625360     
  0.298270416666667        5.92740833333333      -0.170887556709759     
  0.298270416666667        6.22367875000000      -0.171148776611680     
  0.298270416666667        6.51994916666667      -0.171759263548429     
  0.298270416666667        6.81621958333333      -0.171619931140135     
  0.298270416666667        7.11249000000000      -0.172543741515708     
  0.594540833333333       2.000000000000000E-003 -0.869994009234900     
  0.594540833333333       0.298270416666667      -0.793323006667974     
  0.594540833333333       0.594540833333333      -0.685643643054738     
  0.594540833333333       0.890811250000000      -0.600461957170137     
  0.594540833333333        1.18708166666667      -0.527079407784210     
  0.594540833333333        1.48335208333333      -0.464788267974111     
  0.594540833333333        1.77962250000000      -0.413492843196525     
  0.594540833333333        2.07589291666667      -0.371263882229002     
  0.594540833333333        2.37216333333333      -0.336299859539567     
  0.594540833333333        2.66843375000000      -0.307552735355260     
  0.594540833333333        2.96470416666667      -0.283328847484090     
  0.594540833333333        3.26097458333333      -0.262503386778871     
  0.594540833333333        3.55724500000000      -0.244348729275682     
  0.594540833333333        3.85351541666667      -0.228435537756225     
  0.594540833333333        4.14978583333333      -0.214553018607076     
  0.594540833333333        4.44605625000000      -0.202621668380083     
  0.594540833333333        4.74232666666667      -0.192622329165293     
  0.594540833333333        5.03859708333333      -0.184568211264786     
  0.594540833333333        5.33486750000000      -0.178541857498933     
  0.594540833333333        5.63113791666667      -0.174594321577788     
  0.594540833333333        5.92740833333333      -0.172637738505188     
  0.594540833333333        6.22367875000000      -0.172264144105377     
  0.594540833333333        6.51994916666667      -0.172878611430602     
  0.594540833333333        6.81621958333333      -0.174878733871907     
  0.594540833333333        7.11249000000000      -0.175450367463249     
  0.890811250000000       2.000000000000000E-003 -0.907988027457386     
  0.890811250000000       0.298270416666667      -0.854134671805007     
  0.890811250000000       0.594540833333333      -0.746895263985747     
  0.890811250000000       0.890811250000000      -0.644427715296651     
  0.890811250000000        1.18708166666667      -0.558702248755138     
  0.890811250000000        1.48335208333333      -0.488564976424329     
  0.890811250000000        1.77962250000000      -0.431652483153467     
  0.890811250000000        2.07589291666667      -0.385258681641528     
  0.890811250000000        2.37216333333333      -0.347564757179501     
  0.890811250000000        2.66843375000000      -0.316590965762329     
  0.890811250000000        2.96470416666667      -0.290606406955479     
  0.890811250000000        3.26097458333333      -0.268424451336404     
  0.890811250000000        3.55724500000000      -0.249233311108458     
  0.890811250000000        3.85351541666667      -0.232519574752685     
  0.890811250000000        4.14978583333333      -0.218005323332528     
  0.890811250000000        4.44605625000000      -0.205567767299672     
  0.890811250000000        4.74232666666667      -0.195160448748475     
  0.890811250000000        5.03859708333333      -0.186771954059585     
  0.890811250000000        5.33486750000000      -0.180442485906701     
  0.890811250000000        5.63113791666667      -0.176221414877369     
  0.890811250000000        5.92740833333333      -0.174054808868198     
  0.890811250000000        6.22367875000000      -0.173753418904572     
  0.890811250000000        6.51994916666667      -0.175012639870664     
  0.890811250000000        6.81621958333333      -0.176929113174253     
  0.890811250000000        7.11249000000000      -0.175845284264139     
   1.18708166666667       2.000000000000000E-003 -0.908961853417024     
   1.18708166666667       0.298270416666667      -0.870118061053354     
   1.18708166666667       0.594540833333333      -0.778565131871068     
   1.18708166666667       0.890811250000000      -0.675586884687519     
   1.18708166666667        1.18708166666667      -0.583194202957729     
   1.18708166666667        1.48335208333333      -0.506563745425422     
   1.18708166666667        1.77962250000000      -0.444764233308401     
   1.18708166666667        2.07589291666667      -0.395368620115023     
   1.18708166666667        2.37216333333333      -0.355734912466554     
   1.18708166666667        2.66843375000000      -0.323217223201379     
   1.18708166666667        2.96470416666667      -0.296087233174515     
   1.18708166666667        3.26097458333333      -0.273087164544993     
   1.18708166666667        3.55724500000000      -0.253278774371734     
   1.18708166666667        3.85351541666667      -0.236026063509436     
   1.18708166666667        4.14978583333333      -0.220989754788332     
   1.18708166666667        4.44605625000000      -0.208052417469705     
   1.18708166666667        4.74232666666667      -0.197195568301407     
   1.18708166666667        5.03859708333333      -0.188420013249787     
   1.18708166666667        5.33486750000000      -0.181756879694195     
   1.18708166666667        5.63113791666667      -0.177281162863881     
   1.18708166666667        5.92740833333333      -0.174958406770491     
   1.18708166666667        6.22367875000000      -0.174586070403640     
   1.18708166666667        6.51994916666667      -0.175571606200256     
   1.18708166666667        6.81621958333333      -0.176330741945262     
   1.18708166666667        7.11249000000000      -0.174093825625178     
   1.48335208333333       2.000000000000000E-003 -0.877583609600504     
   1.48335208333333       0.298270416666667      -0.848663327102409     
   1.48335208333333       0.594540833333333      -0.774141436865780     
   1.48335208333333       0.890811250000000      -0.681924912349908     
   1.48335208333333        1.18708166666667      -0.592014358252833     
   1.48335208333333        1.48335208333333      -0.514247529724541     
   1.48335208333333        1.77962250000000      -0.451055532737275     
   1.48335208333333        2.07589291666667      -0.401001210380896     
   1.48335208333333        2.37216333333333      -0.360534685975690     
   1.48335208333333        2.66843375000000      -0.327362895390689     
   1.48335208333333        2.96470416666667      -0.299864279017754     
   1.48335208333333        3.26097458333333      -0.276706681994860     
   1.48335208333333        3.55724500000000      -0.256778310351281     
   1.48335208333333        3.85351541666667      -0.239258217266960     
   1.48335208333333        4.14978583333333      -0.223750859137748     
   1.48335208333333        4.44605625000000      -0.210237097612672     
   1.48335208333333        4.74232666666667      -0.198832133224561     
   1.48335208333333        5.03859708333333      -0.189582993754994     
   1.48335208333333        5.33486750000000      -0.182494527257922     
   1.48335208333333        5.63113791666667      -0.177630349180171     
   1.48335208333333        5.92740833333333      -0.174931092516140     
   1.48335208333333        6.22367875000000      -0.174035890560375     
   1.48335208333333        6.51994916666667      -0.174086475283024     
   1.48335208333333        6.81621958333333      -0.173591490652903     
   1.48335208333333        7.11249000000000      -0.170595248792781     
   1.77962250000000       2.000000000000000E-003 -0.822961804794317     
   1.77962250000000       0.298270416666667      -0.801363087913616     
   1.77962250000000       0.594540833333333      -0.741758214124589     
   1.77962250000000       0.890811250000000      -0.663191436759544     
   1.77962250000000        1.18708166666667      -0.582254125507923     
   1.77962250000000        1.48335208333333      -0.509843785990147     
   1.77962250000000        1.77962250000000      -0.450473271507828     
   1.77962250000000        2.07589291666667      -0.401834358952849     
   1.77962250000000        2.37216333333333      -0.361949675382829     
   1.77962250000000        2.66843375000000      -0.329148241978711     
   1.77962250000000        2.96470416666667      -0.302085284455508     
   1.77962250000000        3.26097458333333      -0.279472565207045     
   1.77962250000000        3.55724500000000      -0.259929408167030     
   1.77962250000000        3.85351541666667      -0.242377025580303     
   1.77962250000000        4.14978583333333      -0.226398932464180     
   1.77962250000000        4.44605625000000      -0.212201788270079     
   1.77962250000000        4.74232666666667      -0.200105931657617     
   1.77962250000000        5.03859708333333      -0.190294525967364     
   1.77962250000000        5.33486750000000      -0.182693718141679     
   1.77962250000000        5.63113791666667      -0.177223284249841     
   1.77962250000000        5.92740833333333      -0.173848658731656     
   1.77962250000000        6.22367875000000      -0.172116821684187     
   1.77962250000000        6.51994916666667      -0.171112437312242     
   1.77962250000000        6.81621958333333      -0.169549247924712     
   1.77962250000000        7.11249000000000      -0.166023116565294     
   2.07589291666667       2.000000000000000E-003 -0.751944604257961     
   2.07589291666667       0.298270416666667      -0.734458285186299     
   2.07589291666667       0.594540833333333      -0.688257328555990     
   2.07589291666667       0.890811250000000      -0.624346283194209     
   2.07589291666667        1.18708166666667      -0.558279263452064     
   2.07589291666667        1.48335208333333      -0.497099367145049     
   2.07589291666667        1.77962250000000      -0.443482551852504     
   2.07589291666667        2.07589291666667      -0.398050963982188     
   2.07589291666667        2.37216333333333      -0.360055323054118     
   2.07589291666667        2.66843375000000      -0.328539576020594     
   2.07589291666667        2.96470416666667      -0.302720738736565     
   2.07589291666667        3.26097458333333      -0.281471383685014     
   2.07589291666667        3.55724500000000      -0.262948628221784     
   2.07589291666667        3.85351541666667      -0.245505147920748     
   2.07589291666667        4.14978583333333      -0.228882533995125     
   2.07589291666667        4.44605625000000      -0.213848758899680     
   2.07589291666667        4.74232666666667      -0.201012290163673     
   2.07589291666667        5.03859708333333      -0.190558038151904     
   2.07589291666667        5.33486750000000      -0.182421275840248     
   2.07589291666667        5.63113791666667      -0.176312749458455     
   2.07589291666667        5.92740833333333      -0.172005822384565     
   2.07589291666667        6.22367875000000      -0.169163521846540     
   2.07589291666667        6.51994916666667      -0.167117944145543     
   2.07589291666667        6.81621958333333      -0.164653238297057     
   2.07589291666667        7.11249000000000      -0.160843733159134     
   2.37216333333333       2.000000000000000E-003 -0.673312181795475     
   2.37216333333333       0.298270416666667      -0.661320317668511     
   2.37216333333333       0.594540833333333      -0.628387693444262     
   2.37216333333333       0.890811250000000      -0.581830330752427     
   2.37216333333333        1.18708166666667      -0.529566815219882     
   2.37216333333333        1.48335208333333      -0.477854043923004     
   2.37216333333333        1.77962250000000      -0.430827128325163     
   2.37216333333333        2.07589291666667      -0.389902408761596     
   2.37216333333333        2.37216333333333      -0.354897375821755     
   2.37216333333333        2.66843375000000      -0.325538274418191     
   2.37216333333333        2.96470416666667      -0.301678872790577     
   2.37216333333333        3.26097458333333      -0.282688503531630     
   2.37216333333333        3.55724500000000      -0.265986452289747     
   2.37216333333333        3.85351541666667      -0.248659155791898     
   2.37216333333333        4.14978583333333      -0.231012858996217     
   2.37216333333333        4.44605625000000      -0.215020209235652     
   2.37216333333333        4.74232666666667      -0.201511763198041     
   2.37216333333333        5.03859708333333      -0.190467786407521     
   2.37216333333333        5.33486750000000      -0.181727856572897     
   2.37216333333333        5.63113791666667      -0.175027050343866     
   2.37216333333333        5.92740833333333      -0.169961321685739     
   2.37216333333333        6.22367875000000      -0.166144589485969     
   2.37216333333333        6.51994916666667      -0.162974997398632     
   2.37216333333333        6.81621958333333      -0.159682194182191     
   2.37216333333333        7.11249000000000      -0.155556077973534     
   2.66843375000000       2.000000000000000E-003 -0.608842703520816     
   2.66843375000000       0.298270416666667      -0.600018895152114     
   2.66843375000000       0.594540833333333      -0.575178907619378     
   2.66843375000000       0.890811250000000      -0.538701956821143     
   2.66843375000000        1.18708166666667      -0.496165291559738     
   2.66843375000000        1.48335208333333      -0.452998783085498     
   2.66843375000000        1.77962250000000      -0.413203999521335     
   2.66843375000000        2.07589291666667      -0.377884034735585     
   2.66843375000000        2.37216333333333      -0.347112890136613     
   2.66843375000000        2.66843375000000      -0.320729780337827     
   2.66843375000000        2.96470416666667      -0.299031447493728     
   2.66843375000000        3.26097458333333      -0.282791457458841     
   2.66843375000000        3.55724500000000      -0.268927933044856     
   2.66843375000000        3.85351541666667      -0.251386488550220     
   2.66843375000000        4.14978583333333      -0.232317846072615     
   2.66843375000000        4.44605625000000      -0.215654984778011     
   2.66843375000000        4.74232666666667      -0.201693267622382     
   2.66843375000000        5.03859708333333      -0.190083465408383     
   2.66843375000000        5.33486750000000      -0.180700522435392     
   2.66843375000000        5.63113791666667      -0.173358257104654     
   2.66843375000000        5.92740833333333      -0.167654222763063     
   2.66843375000000        6.22367875000000      -0.163168925802456     
   2.66843375000000        6.51994916666667      -0.159362474442119     
   2.66843375000000        6.81621958333333      -0.155597439513613     
   2.66843375000000        7.11249000000000      -0.151321569289295     
   2.96470416666667       2.000000000000000E-003 -0.548461966222505     
   2.96470416666667       0.298270416666667      -0.541585855075739     
   2.96470416666667       0.594540833333333      -0.522073733071284     
   2.96470416666667       0.890811250000000      -0.493042282674075     
   2.96470416666667        1.18708166666667      -0.458804662570777     
   2.96470416666667        1.48335208333333      -0.424059983984118     
   2.96470416666667        1.77962250000000      -0.391827589305916     
   2.96470416666667        2.07589291666667      -0.363020217288085     
   2.96470416666667        2.37216333333333      -0.337759357720633     
   2.96470416666667        2.66843375000000      -0.315496402891888     
   2.96470416666667        2.96470416666667      -0.295799392318518     
   2.96470416666667        3.26097458333333      -0.280926069496773     
   2.96470416666667        3.55724500000000      -0.270575618897529     
   2.96470416666667        3.85351541666667      -0.252235674404161     
   2.96470416666667        4.14978583333333      -0.232576839893375     
   2.96470416666667        4.44605625000000      -0.216186965741491     
   2.96470416666667        4.74232666666667      -0.201768375030964     
   2.96470416666667        5.03859708333333      -0.189373850598005     
   2.96470416666667        5.33486750000000      -0.179233903484185     
   2.96470416666667        5.63113791666667      -0.171224123378388     
   2.96470416666667        5.92740833333333      -0.164947309099070     
   2.96470416666667        6.22367875000000      -0.159954381448836     
   2.96470416666667        6.51994916666667      -0.155733176358114     
   2.96470416666667        6.81621958333333      -0.151707145624230     
   2.96470416666667        7.11249000000000      -0.147382693009061     
   3.26097458333333       2.000000000000000E-003 -0.489591241531476     
   3.26097458333333       0.298270416666667      -0.484247290993704     
   3.26097458333333       0.594540833333333      -0.469107609684134     
   3.26097458333333       0.890811250000000      -0.446556601892393     
   3.26097458333333        1.18708166666667      -0.419975217416534     
   3.26097458333333        1.48335208333333      -0.393176929981508     
   3.26097458333333        1.77962250000000      -0.368367935002858     
   3.26097458333333        2.07589291666667      -0.346211237258076     
   3.26097458333333        2.37216333333333      -0.327031476354651     
   3.26097458333333        2.66843375000000      -0.310342842954360     
   3.26097458333333        2.96470416666667      -0.294390328102746     
   3.26097458333333        3.26097458333333      -0.277461737135388     
   3.26097458333333        3.55724500000000      -0.266653722482008     
   3.26097458333333        3.85351541666667      -0.249871629752460     
   3.26097458333333        4.14978583333333      -0.233436120572693     
   3.26097458333333        4.44605625000000      -0.216931957840791     
   3.26097458333333        4.74232666666667      -0.201266022268814     
   3.26097458333333        5.03859708333333      -0.187854010089664     
   3.26097458333333        5.33486750000000      -0.177010736604331     
   3.26097458333333        5.63113791666667      -0.168474235483760     
   3.26097458333333        5.92740833333333      -0.161751136343934     
   3.26097458333333        6.22367875000000      -0.156391406918027     
   3.26097458333333        6.51994916666667      -0.151893618295230     
   3.26097458333333        6.81621958333333      -0.147719268674089     
   3.26097458333333        7.11249000000000      -0.143406701941914     
   3.55724500000000       2.000000000000000E-003 -0.434926388735741     
   3.55724500000000       0.298270416666667      -0.430900048238384     
   3.55724500000000       0.594540833333333      -0.419550679415019     
   3.55724500000000       0.890811250000000      -0.402681440479658     
   3.55724500000000        1.18708166666667      -0.382829913033052     
   3.55724500000000        1.48335208333333      -0.362900524281436     
   3.55724500000000        1.77962250000000      -0.344314300253273     
   3.55724500000000        2.07589291666667      -0.327685199516267     
   3.55724500000000        2.37216333333333      -0.313280216051981     
   3.55724500000000        2.66843375000000      -0.300855040697383     
   3.55724500000000        2.96470416666667      -0.289127395392465     
   3.55724500000000        3.26097458333333      -0.274436357041772     
   3.55724500000000        3.55724500000000      -0.254930287291268     
   3.55724500000000        3.85351541666667      -0.245391328746724     
   3.55724500000000        4.14978583333333      -0.231298850792100     
   3.55724500000000        4.44605625000000      -0.214084593800893     
   3.55724500000000        4.74232666666667      -0.198036076295860     
   3.55724500000000        5.03859708333333      -0.184517416743510     
   3.55724500000000        5.33486750000000      -0.173606749269466     
   3.55724500000000        5.63113791666667      -0.164965716604130     
   3.55724500000000        5.92740833333333      -0.158081006154283     
   3.55724500000000        6.22367875000000      -0.152548628947216     
   3.55724500000000        6.51994916666667      -0.147915693584921     
   3.55724500000000        6.81621958333333      -0.143689180580567     
   3.55724500000000        7.11249000000000      -0.139441536565153     
   3.85351541666667       2.000000000000000E-003 -0.387737312873954     
   3.85351541666667       0.298270416666667      -0.384815261611800     
   3.85351541666667       0.594540833333333      -0.376570312712628     
   3.85351541666667       0.890811250000000      -0.364271587657403     
   3.85351541666667        1.18708166666667      -0.349708147685215     
   3.85351541666667        1.48335208333333      -0.334917520161131     
   3.85351541666667        1.77962250000000      -0.320888307833476     
   3.85351541666667        2.07589291666667      -0.307856981583564     
   3.85351541666667        2.37216333333333      -0.295849590482760     
   3.85351541666667        2.66843375000000      -0.284130832817448     
   3.85351541666667        2.96470416666667      -0.271602426157688     
   3.85351541666667        3.26097458333333      -0.260357665155827     
   3.85351541666667        3.55724500000000      -0.249491988990766     
   3.85351541666667        3.85351541666667      -0.228763086162771     
   3.85351541666667        4.14978583333333      -0.216006788615308     
   3.85351541666667        4.44605625000000      -0.203625092883620     
   3.85351541666667        4.74232666666667      -0.190721791125408     
   3.85351541666667        5.03859708333333      -0.178931116477463     
   3.85351541666667        5.33486750000000      -0.168948480504229     
   3.85351541666667        5.63113791666667      -0.160773531751577     
   3.85351541666667        5.92740833333333      -0.154093858326578     
   3.85351541666667        6.22367875000000      -0.148628145815198     
   3.85351541666667        6.51994916666667      -0.144021235525817     
   3.85351541666667        6.81621958333333      -0.139842035056581     
   3.85351541666667        7.11249000000000      -0.135709401268767     
   4.14978583333333       2.000000000000000E-003 -0.349482204440661     
   4.14978583333333       0.298270416666667      -0.347365399075231     
   4.14978583333333       0.594540833333333      -0.341348363897291     
   4.14978583333333       0.890811250000000      -0.332271495424837     
   4.14978583333333        1.18708166666667      -0.321337933389099     
   4.14978583333333        1.48335208333333      -0.309919723420668     
   4.14978583333333        1.77962250000000      -0.298700724244372     
   4.14978583333333        2.07589291666667      -0.287763527307740     
   4.14978583333333        2.37216333333333      -0.277021217471396     
   4.14978583333333        2.66843375000000      -0.266082795805445     
   4.14978583333333        2.96470416666667      -0.255512123517688     
   4.14978583333333        3.26097458333333      -0.248390082301479     
   4.14978583333333        3.55724500000000      -0.238868608500556     
   4.14978583333333        3.85351541666667      -0.217965118600861     
   4.14978583333333        4.14978583333333      -0.202135041664835     
   4.14978583333333        4.44605625000000      -0.191548230239766     
   4.14978583333333        4.74232666666667      -0.181625385403961     
   4.14978583333333        5.03859708333333      -0.172092653480992     
   4.14978583333333        5.33486750000000      -0.163553367995831     
   4.14978583333333        5.63113791666667      -0.156245197400410     
   4.14978583333333        5.92740833333333      -0.150065665375081     
   4.14978583333333        6.22367875000000      -0.144889938935763     
   4.14978583333333        6.51994916666667      -0.140469605657413     
   4.14978583333333        6.81621958333333      -0.136437908490932     
   4.14978583333333        7.11249000000000      -0.132466063954248     
   4.44605625000000       2.000000000000000E-003 -0.319300477793382     
   4.44605625000000       0.298270416666667      -0.317670257449655     
   4.44605625000000       0.594540833333333      -0.312999746207315     
   4.44605625000000       0.890811250000000      -0.305866844668992     
   4.44605625000000        1.18708166666667      -0.297100988383227     
   4.44605625000000        1.48335208333333      -0.287621518378598     
   4.44605625000000        1.77962250000000      -0.278056031148805     
   4.44605625000000        2.07589291666667      -0.268443662415011     
   4.44605625000000        2.37216333333333      -0.258880687102701     
   4.44605625000000        2.66843375000000      -0.249559852648920     
   4.44605625000000        2.96470416666667      -0.241251750835800     
   4.44605625000000        3.26097458333333      -0.234288373739651     
   4.44605625000000        3.55724500000000      -0.224231807755531     
   4.44605625000000        3.85351541666667      -0.208239985531957     
   4.44605625000000        4.14978583333333      -0.193315176520330     
   4.44605625000000        4.44605625000000      -0.182419426441424     
   4.44605625000000        4.74232666666667      -0.173505163520995     
   4.44605625000000        5.03859708333333      -0.165451119783423     
   4.44605625000000        5.33486750000000      -0.158203510420126     
   4.44605625000000        5.63113791666667      -0.151834970738447     
   4.44605625000000        5.92740833333333      -0.146292109309984     
   4.44605625000000        6.22367875000000      -0.141568943280119     
   4.44605625000000        6.51994916666667      -0.137469476746931     
   4.44605625000000        6.81621958333333      -0.133673765792454     
   4.44605625000000        7.11249000000000      -0.129900043422612     
   4.74232666666667       2.000000000000000E-003 -0.295194317882915     
   4.74232666666667       0.298270416666667      -0.293792085426333     
   4.74232666666667       0.594540833333333      -0.289767599942829     
   4.74232666666667       0.890811250000000      -0.283605862965737     
   4.74232666666667        1.18708166666667      -0.275974659142040     
   4.74232666666667        1.48335208333333      -0.267577849782592     
   4.74232666666667        1.77962250000000      -0.258992898162067     
   4.74232666666667        2.07589291666667      -0.250392829991347     
   4.74232666666667        2.37216333333333      -0.241953689487954     
   4.74232666666667        2.66843375000000      -0.233949059295574     
   4.74232666666667        2.96470416666667      -0.226596984664813     
   4.74232666666667        3.26097458333333      -0.219263514149472     
   4.74232666666667        3.55724500000000      -0.209829757948348     
   4.74232666666667        3.85351541666667      -0.197634354657880     
   4.74232666666667        4.14978583333333      -0.185388918915908     
   4.74232666666667        4.44605625000000      -0.175197574365687     
   4.74232666666667        4.74232666666667      -0.166853439964717     
   4.74232666666667        5.03859708333333      -0.159690054463985     
   4.74232666666667        5.33486750000000      -0.153405069777131     
   4.74232666666667        5.63113791666667      -0.147848295721280     
   4.74232666666667        5.92740833333333      -0.142985968535539     
   4.74232666666667        6.22367875000000      -0.138818629034947     
   4.74232666666667        6.51994916666667      -0.135141607210634     
   4.74232666666667        6.81621958333333      -0.131657201735998     
   4.74232666666667        7.11249000000000      -0.128115503880001     
   5.03859708333333       2.000000000000000E-003 -0.275752207934151     
   5.03859708333333       0.298270416666667      -0.274351467130367     
   5.03859708333333       0.594540833333333      -0.270409738748616     
   5.03859708333333       0.890811250000000      -0.264524211603609     
   5.03859708333333        1.18708166666667      -0.257380320560995     
   5.03859708333333        1.48335208333333      -0.249610526037261     
   5.03859708333333        1.77962250000000      -0.241708289112658     
   5.03859708333333        2.07589291666667      -0.233971101331595     
   5.03859708333333        2.37216333333333      -0.226496153243023     
   5.03859708333333        2.66843375000000      -0.219415071994457     
   5.03859708333333        2.96470416666667      -0.212619269028290     
   5.03859708333333        3.26097458333333      -0.205509220520778     
   5.03859708333333        3.55724500000000      -0.197164173788066     
   5.03859708333333        3.85351541666667      -0.187478491282559     
   5.03859708333333        4.14978583333333      -0.177609357643407     
   5.03859708333333        4.44605625000000      -0.168741325478299     
   5.03859708333333        4.74232666666667      -0.161201007549231     
   5.03859708333333        5.03859708333333      -0.154793761519126     
   5.03859708333333        5.33486750000000      -0.149253405906465     
   5.03859708333333        5.63113791666667      -0.144396929365048     
   5.03859708333333        5.92740833333333      -0.140243476998768     
   5.03859708333333        6.22367875000000      -0.136702578577228     
   5.03859708333333        6.51994916666667      -0.133543243370745     
   5.03859708333333        6.81621958333333      -0.130501725183648     
   5.03859708333333        7.11249000000000      -0.127264211987366     
   5.33486750000000       2.000000000000000E-003 -0.260785758744742     
   5.33486750000000       0.298270416666667      -0.259184772357956     
   5.33486750000000       0.594540833333333      -0.254773896484490     
   5.33486750000000       0.890811250000000      -0.248527041303379     
   5.33486750000000        1.18708166666667      -0.241367442919748     
   5.33486750000000        1.48335208333333      -0.233939539177755     
   5.33486750000000        1.77962250000000      -0.226602281635809     
   5.33486750000000        2.07589291666667      -0.219558742112507     
   5.33486750000000        2.37216333333333      -0.212878693018024     
   5.33486750000000        2.66843375000000      -0.206511533611245     
   5.33486750000000        2.96470416666667      -0.200257218384443     
   5.33486750000000        3.26097458333333      -0.193698377233173     
   5.33486750000000        3.55724500000000      -0.186415748860842     
   5.33486750000000        3.85351541666667      -0.178437915299529     
   5.33486750000000        4.14978583333333      -0.170341898519626     
   5.33486750000000        4.44605625000000      -0.162810200469128     
   5.33486750000000        4.74232666666667      -0.156198913767712     
   5.33486750000000        5.03859708333333      -0.150517162557702     
   5.33486750000000        5.33486750000000      -0.145624151436407     
   5.33486750000000        5.63113791666667      -0.141487238311967     
   5.33486750000000        5.92740833333333      -0.138066818123537     
   5.33486750000000        6.22367875000000      -0.135330592647790     
   5.33486750000000        6.51994916666667      -0.133063623085853     
   5.33486750000000        6.81621958333333      -0.130819240336833     
   5.33486750000000        7.11249000000000      -0.128054298753866     
   5.63113791666667       2.000000000000000E-003 -0.250007547930721     
   5.63113791666667       0.298270416666667      -0.247934704641375     
   5.63113791666667       0.594540833333333      -0.242553573416001     
   5.63113791666667       0.890811250000000      -0.235525476593347     
   5.63113791666667        1.18708166666667      -0.228063599584260     
   5.63113791666667        1.48335208333333      -0.220770371183814     
   5.63113791666667        1.77962250000000      -0.213861671857381     
   5.63113791666667        2.07589291666667      -0.207380344010819     
   5.63113791666667        2.37216333333333      -0.201295257190641     
   5.63113791666667        2.66843375000000      -0.195489611527850     
   5.63113791666667        2.96470416666667      -0.189738337571060     
   5.63113791666667        3.26097458333333      -0.183775748282895     
   5.63113791666667        3.55724500000000      -0.177386536142959     
   5.63113791666667        3.85351541666667      -0.170627147722318     
   5.63113791666667        4.14978583333333      -0.163825692636020     
   5.63113791666667        4.44605625000000      -0.157415589665744     
   5.63113791666667        4.74232666666667      -0.151664712426498     
   5.63113791666667        5.03859708333333      -0.146690136530938     
   5.63113791666667        5.33486750000000      -0.142501203166855     
   5.63113791666667        5.63113791666667      -0.139078911236187     
   5.63113791666667        5.92740833333333      -0.136504056445006     
   5.63113791666667        6.22367875000000      -0.134814003237694     
   5.63113791666667        6.51994916666667      -0.133826115544289     
   5.63113791666667        6.81621958333333      -0.132864602957544     
   5.63113791666667        7.11249000000000      -0.130803528244586     
   5.92740833333333       2.000000000000000E-003 -0.243150046205484     
   5.92740833333333       0.298270416666667      -0.240146410043534     
   5.92740833333333       0.594540833333333      -0.233083914484697     
   5.92740833333333       0.890811250000000      -0.224925598280388     
   5.92740833333333        1.18708166666667      -0.217084692578636     
   5.92740833333333        1.48335208333333      -0.209862964727135     
   5.92740833333333        1.77962250000000      -0.203256447776773     
   5.92740833333333        2.07589291666667      -0.197185129102005     
   5.92740833333333        2.37216333333333      -0.191519088595917     
   5.92740833333333        2.66843375000000      -0.186140173134301     
   5.92740833333333        2.96470416666667      -0.180855430514456     
   5.92740833333333        3.26097458333333      -0.175450026718415     
   5.92740833333333        3.55724500000000      -0.169794656109430     
   5.92740833333333        3.85351541666667      -0.163935164048366     
   5.92740833333333        4.14978583333333      -0.158094455106137     
   5.92740833333333        4.44605625000000      -0.152574593011092     
   5.92740833333333        4.74232666666667      -0.147630075406972     
   5.92740833333333        5.03859708333333      -0.143391779872997     
   5.92740833333333        5.33486750000000      -0.139870082234801     
   5.92740833333333        5.63113791666667      -0.137172081851337     
   5.92740833333333        5.92740833333333      -0.135438915339352     
   5.92740833333333        6.22367875000000      -0.134853297897724     
   5.92740833333333        6.51994916666667      -0.135501447878188     
   5.92740833333333        6.81621958333333      -0.136558312164044     
   5.92740833333333        7.11249000000000      -0.135655233198781     
   6.22367875000000       2.000000000000000E-003 -0.239448374384852     
   6.22367875000000       0.298270416666667      -0.234613943251092     
   6.22367875000000       0.594540833333333      -0.225090108573759     
   6.22367875000000       0.890811250000000      -0.215922217660664     
   6.22367875000000        1.18708166666667      -0.207871867561397     
   6.22367875000000        1.48335208333333      -0.200701644263747     
   6.22367875000000        1.77962250000000      -0.194265091522966     
   6.22367875000000        2.07589291666667      -0.188447960060557     
   6.22367875000000        2.37216333333333      -0.183077784104044     
   6.22367875000000        2.66843375000000      -0.178032258092880     
   6.22367875000000        2.96470416666667      -0.173161124870987     
   6.22367875000000        3.26097458333333      -0.168283176816826     
   6.22367875000000        3.55724500000000      -0.163281445300068     
   6.22367875000000        3.85351541666667      -0.158176965019132     
   6.22367875000000        4.14978583333333      -0.153136088197927     
   6.22367875000000        4.44605625000000      -0.148403098420120     
   6.22367875000000        4.74232666666667      -0.144196554156674     
   6.22367875000000        5.03859708333333      -0.140625805284985     
   6.22367875000000        5.33486750000000      -0.137751472889590     
   6.22367875000000        5.63113791666667      -0.135745791413199     
   6.22367875000000        5.92740833333333      -0.134732640163877     
   6.22367875000000        6.22367875000000      -0.135010482570144     
   6.22367875000000        6.51994916666667      -0.137210661218550     
   6.22367875000000        6.81621958333333      -0.141124498656424     
   6.22367875000000        7.11249000000000      -0.142266895607781     
   6.51994916666667       2.000000000000000E-003 -0.236694268830487     
   6.51994916666667       0.298270416666667      -0.228784902410014     
   6.51994916666667       0.594540833333333      -0.217279154204660     
   6.51994916666667       0.890811250000000      -0.208122545574531     
   6.51994916666667        1.18708166666667      -0.200077751858233     
   6.51994916666667        1.48335208333333      -0.192826674464079     
   6.51994916666667        1.77962250000000      -0.186377801581626     
   6.51994916666667        2.07589291666667      -0.180669475226303     
   6.51994916666667        2.37216333333333      -0.175547952754655     
   6.51994916666667        2.66843375000000      -0.170825067505983     
   6.51994916666667        2.96470416666667      -0.166377236699816     
   6.51994916666667        3.26097458333333      -0.162030140981219     
   6.51994916666667        3.55724500000000      -0.157651848349191     
   6.51994916666667        3.85351541666667      -0.153228700119188     
   6.51994916666667        4.14978583333333      -0.148884118746561     
   6.51994916666667        4.44605625000000      -0.144826078846013     
   6.51994916666667        4.74232666666667      -0.141254377966934     
   6.51994916666667        5.03859708333333      -0.138277716383217     
   6.51994916666667        5.33486750000000      -0.136070687598416     
   6.51994916666667        5.63113791666667      -0.134779635363392     
   6.51994916666667        5.92740833333333      -0.134461318181054     
   6.51994916666667        6.22367875000000      -0.135241744750508     
   6.51994916666667        6.51994916666667      -0.137887015449819     
   6.51994916666667        6.81621958333333      -0.144191328121081     
   6.51994916666667        7.11249000000000      -0.148551539566792     
   6.81621958333333       2.000000000000000E-003 -0.229107282188498     
   6.81621958333333       0.298270416666667      -0.220370487146901     
   6.81621958333333       0.594540833333333      -0.210834540212121     
   6.81621958333333       0.890811250000000      -0.202024281670597     
   6.81621958333333        1.18708166666667      -0.193502313979843     
   6.81621958333333        1.48335208333333      -0.185864225056533     
   6.81621958333333        1.77962250000000      -0.179256614781567     
   6.81621958333333        2.07589291666667      -0.173594436205589     
   6.81621958333333        2.37216333333333      -0.168695820698899     
   6.81621958333333        2.66843375000000      -0.164318784122802     
   6.81621958333333        2.96470416666667      -0.160312160851161     
   6.81621958333333        3.26097458333333      -0.156485779296651     
   6.81621958333333        3.55724500000000      -0.152680699867832     
   6.81621958333333        3.85351541666667      -0.148849348710729     
   6.81621958333333        4.14978583333333      -0.145086989321915     
   6.81621958333333        4.44605625000000      -0.141586882970280     
   6.81621958333333        4.74232666666667      -0.138556262351120     
   6.81621958333333        5.03859708333333      -0.136156431253582     
   6.81621958333333        5.33486750000000      -0.134623116762094     
   6.81621958333333        5.63113791666667      -0.134131875554104     
   6.81621958333333        5.92740833333333      -0.134759291877563     
   6.81621958333333        6.22367875000000      -0.136412313887353     
   6.81621958333333        6.51994916666667      -0.138831350902943     
   6.81621958333333        6.81621958333333      -0.143191959449888     
   6.81621958333333        7.11249000000000      -0.148353889091707     
   7.11249000000000       2.000000000000000E-003 -0.213178865785092     
   7.11249000000000       0.298270416666667      -0.213057194682914     
   7.11249000000000       0.594540833333333      -0.206188738621035     
   7.11249000000000       0.890811250000000      -0.196524542414293     
   7.11249000000000        1.18708166666667      -0.187323865596241     
   7.11249000000000        1.48335208333333      -0.179375875548450     
   7.11249000000000        1.77962250000000      -0.172689606645390     
   7.11249000000000        2.07589291666667      -0.167110222958616     
   7.11249000000000        2.37216333333333      -0.162444126122079     
   7.11249000000000        2.66843375000000      -0.158407106914531     
   7.11249000000000        2.96470416666667      -0.154806129562005     
   7.11249000000000        3.26097458333333      -0.151428008533943     
   7.11249000000000        3.55724500000000      -0.148093328840676     
   7.11249000000000        3.85351541666667      -0.144735497325148     
   7.11249000000000        4.14978583333333      -0.141439115727086     
   7.11249000000000        4.44605625000000      -0.138399372019489     
   7.11249000000000        4.74232666666667      -0.135846449292573     
   7.11249000000000        5.03859708333333      -0.133998152967062     
   7.11249000000000        5.33486750000000      -0.133107137114202     
   7.11249000000000        5.63113791666667      -0.133383130763700     
   7.11249000000000        5.92740833333333      -0.135001538183050     
   7.11249000000000        6.22367875000000      -0.137992973523610     
   7.11249000000000        6.51994916666667      -0.141702487963656     
   7.11249000000000        6.81621958333333      -0.143506209394090     
   7.11249000000000        7.11249000000000      -0.141068920854035     
